# table produced by mapDamage version 2.2.2
# using mapped file alignments/numtS_and_gen_0_n1000_ddhigh_l40_s0.25_safari.bam and H2a2a1.fa as reference file
# Chr: reference from sam/bam header, End: from which termini of DNA sequences, Std: strand of reads
Chr	End	Std	Pos	A	C	G	T	Total	G>A	C>T	A>G	T>C	A>C	A>T	C>G	C>A	T>G	T>A	G>C	G>T	A>-	T>-	C>-	G>-	->A	->T	->C	->G	S
H2a2a1	3p	+	1	68	52	22	48	190	11	11	9	13	26	13	9	15	7	13	6	2	0	0	0	0	0	0	0	0	0
H2a2a1	3p	+	2	59	57	27	47	190	6	6	9	14	14	17	6	27	8	13	6	6	0	0	0	0	0	0	0	0	0
H2a2a1	3p	+	3	52	62	27	49	190	8	11	6	17	16	9	7	23	7	9	7	6	0	0	0	0	0	0	0	0	0
H2a2a1	3p	+	4	61	60	32	37	190	11	14	6	14	16	16	10	21	2	13	7	7	0	0	0	0	0	0	0	0	0
H2a2a1	3p	+	5	62	57	28	43	190	5	16	13	11	9	16	8	19	9	13	9	9	0	0	0	0	0	0	0	0	0
H2a2a1	3p	+	6	58	55	27	50	190	9	10	7	16	21	8	8	18	3	18	2	9	0	0	0	0	0	0	0	0	0
H2a2a1	3p	+	7	64	60	23	43	190	8	19	8	12	17	14	7	21	4	15	8	4	0	0	0	0	0	0	0	0	0
H2a2a1	3p	+	8	60	58	21	51	190	6	9	5	13	18	17	11	15	5	19	5	4	0	0	0	0	0	0	0	0	0
H2a2a1	3p	+	9	56	64	32	38	190	10	15	12	13	14	15	8	15	5	9	7	11	0	0	0	0	0	0	0	0	0
H2a2a1	3p	+	10	60	56	24	50	190	9	10	7	13	26	9	8	20	10	17	5	6	0	0	0	0	0	0	0	0	0
H2a2a1	3p	+	11	53	60	36	41	190	13	14	5	13	18	17	7	21	5	13	8	4	0	0	0	0	0	0	0	0	0
H2a2a1	3p	+	12	48	71	22	49	190	6	17	4	16	8	13	11	20	11	9	8	6	0	0	0	0	0	0	0	0	0
H2a2a1	3p	+	13	63	49	32	46	190	10	13	9	16	19	15	4	20	6	15	11	9	0	0	0	0	0	0	0	0	0
H2a2a1	3p	+	14	56	56	28	50	190	11	13	6	17	20	17	4	21	6	15	5	6	0	0	0	0	0	0	0	0	0
H2a2a1	3p	+	15	58	62	29	41	190	11	14	10	13	24	13	12	18	6	15	8	7	0	0	0	0	0	0	0	0	0
H2a2a1	3p	+	16	64	51	31	44	190	8	8	7	14	23	13	6	22	4	11	5	11	0	0	0	0	0	0	0	0	0
H2a2a1	3p	+	17	57	60	27	46	190	5	13	8	11	20	13	8	17	12	13	7	5	0	0	0	0	0	0	0	0	0
H2a2a1	3p	+	18	56	67	24	43	190	8	19	5	14	22	15	8	17	6	10	10	3	0	0	0	0	0	0	0	0	0
H2a2a1	3p	+	19	63	67	20	40	190	6	17	14	10	11	14	6	23	8	12	4	6	0	0	0	0	0	0	0	0	0
H2a2a1	3p	+	20	52	58	25	55	190	6	13	10	17	16	12	7	18	6	18	6	9	0	0	0	0	0	0	0	0	0
H2a2a1	3p	+	21	60	62	25	43	190	7	14	8	16	23	13	12	22	6	12	9	6	0	0	0	0	0	0	0	0	0
H2a2a1	3p	+	22	58	62	30	40	190	15	21	10	10	10	10	7	12	8	10	6	3	0	0	0	0	0	0	0	0	0
H2a2a1	3p	+	23	58	49	34	49	190	8	10	8	17	15	17	6	18	7	13	16	4	0	0	0	0	0	0	0	0	0
H2a2a1	3p	+	24	48	60	26	56	190	6	14	7	23	11	12	8	15	6	16	11	6	0	0	0	0	0	0	0	0	0
H2a2a1	3p	+	25	68	62	27	33	190	11	17	8	14	22	15	5	19	4	8	7	4	0	0	0	0	0	0	0	0	0
H2a2a1	3p	+	26	48	64	31	47	190	4	15	4	14	16	11	5	23	7	10	7	13	0	0	0	0	0	0	0	0	0
H2a2a1	3p	+	27	59	60	25	46	190	11	16	6	17	18	13	5	19	11	10	6	4	0	0	0	0	0	0	0	0	0
H2a2a1	3p	+	28	50	62	26	52	190	10	13	8	14	17	13	8	17	9	19	7	6	0	0	0	0	0	0	0	0	0
H2a2a1	3p	+	29	56	61	25	48	190	5	14	13	12	11	8	11	16	7	10	5	10	0	0	0	0	0	0	0	0	0
H2a2a1	3p	+	30	63	58	16	53	190	6	18	7	19	17	17	8	13	6	10	6	3	0	0	0	0	0	0	0	0	0
H2a2a1	3p	+	31	53	71	22	44	190	8	8	10	15	15	8	9	27	6	12	7	3	0	0	0	0	0	0	0	0	0
H2a2a1	3p	+	32	49	68	33	40	190	14	15	13	16	14	13	9	15	6	7	4	10	0	0	0	0	0	0	0	0	0
H2a2a1	3p	+	33	61	69	16	44	190	5	9	8	12	13	20	11	22	1	13	6	2	0	0	0	0	0	0	0	0	0
H2a2a1	3p	+	34	54	73	24	39	190	7	18	6	9	21	16	12	19	4	11	10	2	0	0	0	0	0	0	0	0	0
H2a2a1	3p	+	35	59	57	30	44	190	11	15	7	12	21	12	3	18	7	12	6	6	0	0	0	0	0	0	0	0	0
H2a2a1	3p	+	36	58	54	28	46	186	6	14	7	15	19	10	3	21	4	12	6	14	0	0	0	0	0	0	0	0	0
H2a2a1	3p	+	37	46	68	21	48	183	11	16	6	20	21	10	11	20	3	12	6	3	0	0	0	0	0	0	0	0	0
H2a2a1	3p	+	38	50	67	18	44	179	4	12	8	18	15	11	13	18	6	7	4	5	0	0	0	0	0	0	0	0	0
H2a2a1	3p	+	39	49	55	27	42	173	11	7	4	10	17	9	3	18	7	8	8	5	0	0	0	0	0	0	0	0	0
H2a2a1	3p	+	40	53	58	17	43	171	5	13	7	20	19	11	6	19	5	11	5	2	0	0	0	0	0	0	0	0	0
H2a2a1	3p	+	41	27	17	16	20	80	8	4	6	3	11	3	1	5	1	9	2	3	0	0	0	0	0	0	0	0	0
H2a2a1	3p	+	42	30	21	7	21	79	3	6	2	5	6	11	1	7	7	5	1	0	0	0	0	0	0	0	0	0	0
H2a2a1	3p	+	43	20	20	12	20	72	2	6	5	6	6	4	1	5	2	5	6	2	0	0	0	0	0	0	0	0	0
H2a2a1	3p	+	44	26	14	10	20	70	2	5	2	7	9	7	2	1	1	4	1	3	0	0	0	0	0	0	0	0	0
H2a2a1	3p	+	45	28	21	6	15	70	4	7	7	3	5	10	3	4	1	5	1	1	0	0	0	0	0	0	0	0	0
H2a2a1	3p	+	46	25	17	3	19	64	0	6	2	6	9	5	1	5	0	8	3	0	0	0	0	0	0	0	0	0	0
H2a2a1	3p	+	47	22	15	7	17	61	3	3	7	5	5	7	1	9	4	3	1	1	0	0	0	0	0	0	0	0	0
H2a2a1	3p	+	48	26	12	5	17	60	3	1	1	6	8	4	1	5	4	2	0	2	0	0	0	0	0	0	0	0	0
H2a2a1	3p	+	49	19	12	6	19	56	1	2	3	4	5	5	4	2	4	2	3	1	0	0	0	0	0	0	0	0	0
H2a2a1	3p	+	50	15	21	5	12	53	1	7	1	4	1	3	2	8	2	1	2	2	0	0	0	0	0	0	0	0	0
H2a2a1	3p	+	51	22	9	8	13	52	3	2	0	6	5	6	0	4	0	3	4	0	0	0	0	0	0	0	0	0	0
H2a2a1	3p	+	52	14	13	9	13	49	6	6	1	4	5	2	1	3	1	3	2	1	0	0	0	0	0	0	0	0	0
H2a2a1	3p	+	53	17	12	8	10	47	3	4	1	2	4	4	0	4	2	2	1	4	0	0	0	0	0	0	0	0	0
H2a2a1	3p	+	54	13	13	6	11	43	4	4	0	2	4	6	1	5	0	5	1	1	0	0	0	0	0	0	0	0	0
H2a2a1	3p	+	55	8	14	8	9	39	3	7	1	4	2	1	2	4	1	2	1	2	0	0	0	0	0	0	0	0	0
H2a2a1	3p	+	56	11	7	8	11	37	3	3	1	4	7	1	1	1	1	2	4	1	0	0	0	0	0	0	0	0	0
H2a2a1	3p	+	57	11	13	3	8	35	1	4	4	2	2	2	3	4	0	5	1	1	0	0	0	0	0	0	0	0	0
H2a2a1	3p	+	58	7	11	5	9	32	3	3	1	2	1	2	1	3	0	2	2	0	0	0	0	0	0	0	0	0	0
H2a2a1	3p	+	59	6	8	7	9	30	4	1	0	1	0	1	1	1	3	3	1	1	0	0	0	0	0	0	0	0	0
H2a2a1	3p	+	60	11	8	3	6	28	0	3	1	2	2	2	1	2	2	0	2	1	0	0	0	0	0	0	0	0	0
H2a2a1	3p	+	61	4	9	5	8	26	1	2	1	1	1	2	1	1	1	2	1	1	0	0	0	0	0	0	0	0	0
H2a2a1	3p	+	62	7	6	6	6	25	4	2	0	1	2	3	2	1	1	2	0	1	0	0	0	0	0	0	0	0	0
H2a2a1	3p	+	63	8	6	3	6	23	0	0	0	3	3	2	1	3	1	1	1	1	0	0	0	0	0	0	0	0	0
H2a2a1	3p	+	64	7	5	3	7	22	0	1	2	3	2	2	0	2	2	0	1	2	0	0	0	0	0	0	0	0	0
H2a2a1	3p	+	65	7	6	1	4	18	1	2	1	0	2	3	1	1	1	1	0	0	0	0	0	0	0	0	0	0	0
H2a2a1	3p	+	66	3	2	4	5	14	0	1	0	0	3	0	0	1	0	3	2	1	0	0	0	0	0	0	0	0	0
H2a2a1	3p	+	67	4	3	0	3	10	0	0	0	1	3	0	2	0	0	0	0	0	0	0	0	0	0	0	0	0	0
H2a2a1	3p	+	68	2	5	0	1	8	0	1	0	0	1	1	1	1	0	1	0	0	0	0	0	0	0	0	0	0	0
H2a2a1	3p	+	69	3	1	0	3	7	0	1	0	0	0	0	0	0	1	1	0	0	0	0	0	0	0	0	0	0	0
H2a2a1	3p	+	70	0	0	1	0	1	0	0	0	0	0	0	0	0	0	0	1	0	0	0	0	0	0	0	0	0	0
H2a2a1	3p	-	1	49	19	47	59	174	13	6	12	9	10	12	3	5	15	15	3	16	0	0	0	0	0	0	0	0	0
H2a2a1	3p	-	2	44	17	56	57	174	17	5	12	5	8	14	2	3	23	7	4	18	0	0	0	0	0	0	0	0	0
H2a2a1	3p	-	3	33	25	66	50	174	25	9	8	7	4	12	7	6	12	16	7	14	0	0	0	0	0	0	0	0	0
H2a2a1	3p	-	4	33	26	54	61	174	14	6	12	17	4	6	5	6	13	15	8	17	0	0	0	0	0	0	0	0	0
H2a2a1	3p	-	5	43	28	52	51	174	7	6	20	5	6	10	8	8	17	15	5	14	0	0	0	0	0	0	0	0	0
H2a2a1	3p	-	6	40	21	57	56	174	18	8	14	8	4	10	5	4	16	13	6	15	0	0	0	0	0	0	0	0	0
H2a2a1	3p	-	7	49	25	45	55	174	14	8	15	4	11	12	3	8	15	12	3	10	0	0	0	0	0	0	0	0	0
H2a2a1	3p	-	8	37	27	55	55	174	10	11	11	7	3	10	3	6	17	12	10	17	0	0	0	0	0	0	0	0	0
H2a2a1	3p	-	9	59	19	44	52	174	6	9	18	6	13	11	3	6	17	14	4	18	0	0	0	0	0	0	0	0	0
H2a2a1	3p	-	10	45	37	48	44	174	8	16	9	7	4	20	11	6	14	7	6	14	0	0	0	0	0	0	0	0	0
H2a2a1	3p	-	11	37	23	66	48	174	18	5	8	8	5	13	4	10	16	9	6	25	0	0	0	0	0	0	0	0	0
H2a2a1	3p	-	12	46	19	58	51	174	11	4	14	8	10	9	5	7	16	8	11	20	0	0	0	0	0	0	0	0	0
H2a2a1	3p	-	13	42	26	52	54	174	10	8	10	3	6	13	11	5	19	9	4	22	0	0	0	0	0	0	0	0	0
H2a2a1	3p	-	14	44	26	47	57	174	13	8	13	7	7	9	6	8	14	14	4	17	0	0	0	0	0	0	0	0	0
H2a2a1	3p	-	15	45	23	53	53	174	8	7	14	9	5	16	5	5	10	16	11	16	0	0	0	0	0	0	0	0	0
H2a2a1	3p	-	16	30	22	54	68	174	14	8	11	6	5	8	5	6	27	17	3	22	0	0	0	0	0	0	0	0	0
H2a2a1	3p	-	17	46	26	48	54	174	16	6	17	6	6	11	10	7	14	12	3	16	0	0	0	0	0	0	0	0	0
H2a2a1	3p	-	18	40	28	49	57	174	16	10	5	7	6	12	6	7	17	13	3	13	0	0	0	0	0	0	0	0	0
H2a2a1	3p	-	19	41	16	56	61	174	14	3	10	6	4	11	7	4	18	19	8	20	0	0	0	0	0	0	0	0	0
H2a2a1	3p	-	20	47	23	46	58	174	12	8	14	5	8	14	4	7	16	20	7	14	0	0	0	0	0	0	0	0	0
H2a2a1	3p	-	21	38	33	46	57	174	9	6	12	10	9	9	15	8	17	11	2	14	0	0	0	0	0	0	0	0	0
H2a2a1	3p	-	22	45	15	61	53	174	13	6	11	6	2	19	1	2	14	19	7	17	0	0	0	0	0	0	0	0	0
H2a2a1	3p	-	23	45	20	52	57	174	9	7	20	8	9	11	7	4	18	18	9	17	0	0	0	0	0	0	0	0	0
H2a2a1	3p	-	24	55	19	47	53	174	8	8	16	6	5	12	4	4	18	6	7	17	0	0	0	0	0	0	0	0	0
H2a2a1	3p	-	25	52	18	49	55	174	12	8	16	7	7	19	5	4	20	10	9	15	0	0	0	0	0	0	0	0	0
H2a2a1	3p	-	26	45	25	54	50	174	13	13	17	7	5	7	7	3	13	14	4	18	0	0	0	0	0	0	0	0	0
H2a2a1	3p	-	27	43	24	57	50	174	16	5	12	7	6	10	13	5	23	8	12	17	0	0	0	0	0	0	0	0	0
H2a2a1	3p	-	28	43	26	50	55	174	11	10	15	8	8	13	5	6	17	11	10	13	0	0	0	0	0	0	0	0	0
H2a2a1	3p	-	29	37	25	63	49	174	16	8	10	3	9	9	8	6	18	11	13	14	0	0	0	0	0	0	0	0	0
H2a2a1	3p	-	30	37	23	50	64	174	12	5	12	10	3	10	6	6	17	12	8	13	0	0	0	0	0	0	0	0	0
H2a2a1	3p	-	31	38	23	55	58	174	15	5	8	11	8	12	8	8	10	15	11	15	0	0	0	0	0	0	0	0	0
H2a2a1	3p	-	32	51	18	57	48	174	15	6	15	4	8	14	4	4	12	16	5	16	0	0	0	0	0	0	0	0	0
H2a2a1	3p	-	33	37	28	61	48	174	7	13	10	6	7	14	2	3	20	14	7	16	0	0	0	0	0	0	0	0	0
H2a2a1	3p	-	34	38	29	53	54	174	17	8	8	7	5	16	8	5	16	11	2	15	0	0	0	0	0	0	0	0	0
H2a2a1	3p	-	35	41	29	54	50	174	9	12	7	5	8	10	6	5	15	11	8	20	0	0	0	0	0	0	0	0	0
H2a2a1	3p	-	36	41	27	51	54	173	13	8	11	5	7	10	7	9	23	9	5	14	0	0	0	0	0	0	0	0	0
H2a2a1	3p	-	37	51	28	40	53	172	3	4	12	6	7	16	7	5	23	9	7	11	0	0	0	0	0	0	0	0	0
H2a2a1	3p	-	38	44	24	53	47	168	18	10	15	10	5	11	9	2	15	7	1	18	0	0	0	0	0	0	0	0	0
H2a2a1	3p	-	39	33	26	57	50	166	13	7	5	9	10	7	8	7	17	11	10	16	0	0	0	0	0	0	0	0	0
H2a2a1	3p	-	40	41	17	51	53	162	14	7	15	9	9	9	5	4	12	10	3	20	0	0	0	0	0	0	0	0	0
H2a2a1	3p	-	41	16	11	19	28	74	6	3	5	3	2	2	0	4	5	10	4	5	0	0	0	0	0	0	0	0	0
H2a2a1	3p	-	42	17	11	20	22	70	1	6	3	2	3	7	1	3	6	7	6	3	0	0	0	0	0	0	0	0	0
H2a2a1	3p	-	43	16	11	22	15	64	8	4	8	1	3	3	1	3	5	4	1	8	0	0	0	0	0	0	0	0	0
H2a2a1	3p	-	44	19	9	12	17	57	3	3	5	2	0	6	2	3	6	1	2	3	0	0	0	0	0	0	0	0	0
H2a2a1	3p	-	45	7	14	17	14	52	4	6	0	2	3	1	2	4	4	2	3	4	0	0	0	0	0	0	0	0	0
H2a2a1	3p	-	46	13	7	15	15	50	2	2	3	1	3	4	0	1	5	2	2	1	0	0	0	0	0	0	0	0	0
H2a2a1	3p	-	47	17	8	13	11	49	2	1	6	1	3	8	2	1	2	1	1	7	0	0	0	0	0	0	0	0	0
H2a2a1	3p	-	48	10	5	15	16	46	5	1	2	0	2	2	2	1	6	5	3	4	0	0	0	0	0	0	0	0	0
H2a2a1	3p	-	49	11	7	15	13	46	3	1	2	1	0	6	2	2	7	1	3	5	0	0	0	0	0	0	0	0	0
H2a2a1	3p	-	50	13	4	13	13	43	7	4	4	1	1	4	0	0	4	4	1	2	0	0	0	0	0	0	0	0	0
H2a2a1	3p	-	51	11	6	11	14	42	1	0	1	0	4	2	2	3	2	5	0	7	0	0	0	0	0	0	0	0	0
H2a2a1	3p	-	52	3	8	15	13	39	1	2	0	1	1	1	2	3	7	2	1	6	0	0	0	0	0	0	0	0	0
H2a2a1	3p	-	53	2	7	9	15	33	3	1	0	1	0	0	1	4	6	6	0	3	0	0	0	0	0	0	0	0	0
H2a2a1	3p	-	54	11	3	9	9	32	0	1	2	1	0	4	2	0	3	2	0	5	0	0	0	0	0	0	0	0	0
H2a2a1	3p	-	55	2	4	9	14	29	3	2	1	3	0	1	1	0	3	4	1	2	0	0	0	0	0	0	0	0	0
H2a2a1	3p	-	56	7	2	9	8	26	1	0	3	3	0	2	2	0	2	1	2	4	0	0	0	0	0	0	0	0	0
H2a2a1	3p	-	57	8	5	4	7	24	1	4	2	1	1	3	1	0	4	2	0	2	0	0	0	0	0	0	0	0	0
H2a2a1	3p	-	58	3	3	11	6	23	5	2	0	1	1	1	0	0	2	2	0	1	0	0	0	0	0	0	0	0	0
H2a2a1	3p	-	59	9	0	7	4	20	1	0	4	1	0	0	0	0	0	1	1	3	0	0	0	0	0	0	0	0	0
H2a2a1	3p	-	60	4	1	7	6	18	1	0	2	2	0	1	1	0	3	1	0	3	0	0	0	0	0	0	0	0	0
H2a2a1	3p	-	61	4	3	6	5	18	1	1	0	2	1	1	1	0	1	1	1	2	0	0	0	0	0	0	0	0	0
H2a2a1	3p	-	62	2	4	5	6	17	2	2	2	2	0	0	2	0	1	2	0	1	0	0	0	0	0	0	0	0	0
H2a2a1	3p	-	63	3	2	5	6	16	1	1	1	2	1	1	0	0	0	2	1	2	0	0	0	0	0	0	0	0	0
H2a2a1	3p	-	64	5	1	4	4	14	0	0	2	0	0	1	0	0	1	0	0	3	0	0	0	0	0	0	0	0	0
H2a2a1	3p	-	65	7	0	2	2	11	0	0	2	0	0	2	0	0	1	0	0	1	0	0	0	0	0	0	0	0	0
H2a2a1	3p	-	66	1	1	3	5	10	0	1	1	2	0	0	0	0	2	1	0	2	0	0	0	0	0	0	0	0	0
H2a2a1	3p	-	67	1	3	1	2	7	1	0	0	0	0	1	1	0	1	0	0	0	0	0	0	0	0	0	0	0	0
H2a2a1	3p	-	68	2	0	2	0	4	0	0	0	0	1	0	0	0	0	0	1	1	0	0	0	0	0	0	0	0	0
H2a2a1	3p	-	69	1	1	0	1	3	0	1	0	0	0	1	0	0	1	0	0	0	0	0	0	0	0	0	0	0	0
H2a2a1	3p	-	70	0	0	0	0	0	0	0	0	0	0	0	0	0	0	0	0	0	0	0	0	0	0	0	0	0	0
H2a2a1	5p	+	1	57	50	30	53	190	13	8	8	14	19	7	8	17	9	16	9	5	0	0	0	0	0	0	0	0	0
H2a2a1	5p	+	2	57	68	26	39	190	8	11	4	14	19	13	5	18	5	7	9	6	0	0	0	0	0	0	0	0	0
H2a2a1	5p	+	3	63	65	21	41	190	7	13	6	18	22	16	13	19	3	8	6	3	0	0	0	0	0	0	0	0	0
H2a2a1	5p	+	4	66	60	25	39	190	12	18	9	13	24	11	7	17	2	11	6	3	0	0	0	0	0	0	0	0	0
H2a2a1	5p	+	5	54	58	26	52	190	10	15	6	15	14	13	7	23	3	14	6	7	0	0	0	0	0	0	0	0	0
H2a2a1	5p	+	6	56	59	28	47	190	12	13	10	14	18	12	6	18	9	11	5	5	0	0	0	0	0	0	0	0	0
H2a2a1	5p	+	7	68	60	29	33	190	10	14	9	7	24	17	6	19	7	10	10	3	0	0	0	0	0	0	0	0	0
H2a2a1	5p	+	8	54	76	16	44	190	5	15	4	6	18	16	10	22	4	9	7	1	0	0	0	0	0	0	0	0	0
H2a2a1	5p	+	9	56	65	27	42	190	14	11	12	11	15	13	10	21	3	11	4	6	0	0	0	0	0	0	0	0	0
H2a2a1	5p	+	10	60	62	23	45	190	4	11	9	12	16	14	10	20	8	10	7	8	0	0	0	0	0	0	0	0	0
H2a2a1	5p	+	11	72	47	18	53	190	4	16	8	23	19	16	7	6	11	10	6	6	0	0	0	0	0	0	0	0	0
H2a2a1	5p	+	12	52	58	33	47	190	17	12	9	14	15	11	7	20	8	6	8	4	0	0	0	0	0	0	0	0	0
H2a2a1	5p	+	13	56	65	25	44	190	6	16	11	13	17	8	8	19	10	9	8	8	0	0	0	0	0	0	0	0	0
H2a2a1	5p	+	14	57	60	22	51	190	9	18	7	18	16	12	6	14	11	7	2	6	0	0	0	0	0	0	0	0	0
H2a2a1	5p	+	15	61	52	28	49	190	9	16	8	18	14	13	6	17	4	8	5	8	0	0	0	0	0	0	0	0	0
H2a2a1	5p	+	16	53	59	30	48	190	9	20	4	17	20	13	7	12	4	12	8	7	0	0	0	0	0	0	0	0	0
H2a2a1	5p	+	17	48	65	31	46	190	12	17	9	18	13	12	6	16	8	13	12	4	0	0	0	0	0	0	0	0	0
H2a2a1	5p	+	18	63	56	26	45	190	8	17	16	16	18	13	5	16	10	10	11	5	0	0	0	0	0	0	0	0	0
H2a2a1	5p	+	19	53	59	33	45	190	12	15	5	18	9	11	8	14	6	9	7	5	0	0	0	0	0	0	0	0	0
H2a2a1	5p	+	20	52	59	28	51	190	8	12	8	18	18	16	5	26	11	10	11	6	0	0	0	0	0	0	0	0	0
H2a2a1	5p	+	21	59	51	26	54	190	3	14	8	22	20	14	10	10	7	14	10	7	0	0	0	0	0	0	0	0	0
H2a2a1	5p	+	22	48	67	21	54	190	7	14	7	18	12	6	7	26	7	18	4	4	0	0	0	0	0	0	0	0	0
H2a2a1	5p	+	23	57	67	25	41	190	8	16	7	14	22	13	7	24	4	11	9	4	0	0	0	0	0	0	0	0	0
H2a2a1	5p	+	24	52	63	32	43	190	9	17	4	12	19	12	8	18	7	16	9	6	0	0	0	0	0	0	0	0	0
H2a2a1	5p	+	25	59	58	28	45	190	7	17	10	13	18	12	9	17	6	17	8	7	0	0	0	0	0	0	0	0	0
H2a2a1	5p	+	26	58	63	26	43	190	10	14	9	12	16	16	12	15	7	11	7	5	0	0	0	0	0	0	0	0	0
H2a2a1	5p	+	27	43	67	33	47	190	9	13	5	15	15	11	4	26	4	14	9	10	0	0	0	0	0	0	0	0	0
H2a2a1	5p	+	28	75	56	26	33	190	11	15	13	13	26	16	5	17	4	5	7	7	0	0	0	0	0	0	0	0	0
H2a2a1	5p	+	29	57	65	22	46	190	7	15	3	14	21	18	11	24	8	13	4	8	0	0	0	0	0	0	0	0	0
H2a2a1	5p	+	30	60	59	27	44	190	8	14	8	7	18	21	5	22	3	21	8	4	0	0	0	0	0	0	0	0	0
H2a2a1	5p	+	31	57	57	31	45	190	11	13	5	14	19	17	10	17	7	14	7	10	0	0	0	0	0	0	0	0	0
H2a2a1	5p	+	32	55	57	31	47	190	8	15	13	13	19	8	6	11	7	15	9	11	0	0	0	0	0	0	0	0	0
H2a2a1	5p	+	33	60	61	19	50	190	5	9	6	19	13	20	8	22	4	15	6	3	0	0	0	0	0	0	0	0	0
H2a2a1	5p	+	34	52	65	24	49	190	10	16	8	13	11	14	6	25	4	13	6	3	0	0	0	0	0	0	0	0	0
H2a2a1	5p	+	35	59	54	25	52	190	7	12	4	15	24	14	4	22	4	21	6	8	0	0	0	0	0	0	0	0	0
H2a2a1	5p	+	36	66	48	21	51	186	7	10	13	15	17	12	2	20	5	18	3	6	0	0	0	0	0	0	0	0	0
H2a2a1	5p	+	37	55	55	25	48	183	10	13	8	16	18	13	11	16	8	14	2	9	0	0	0	0	0	0	0	0	0
H2a2a1	5p	+	38	44	65	26	44	179	10	13	4	18	14	9	10	19	6	9	6	5	0	0	0	0	0	0	0	0	0
H2a2a1	5p	+	39	59	49	22	43	173	6	13	11	11	14	15	6	18	7	11	3	6	0	0	0	0	0	0	0	0	0
H2a2a1	5p	+	40	61	45	18	47	171	8	13	6	15	22	13	9	12	5	18	4	3	0	0	0	0	0	0	0	0	0
H2a2a1	5p	+	41	29	26	5	20	80	1	5	3	8	7	11	1	12	2	5	1	2	0	0	0	0	0	0	0	0	0
H2a2a1	5p	+	42	33	24	6	16	79	1	2	4	6	9	11	3	9	1	5	2	1	0	0	0	0	0	0	0	0	0
H2a2a1	5p	+	43	20	20	12	20	72	3	4	3	3	4	5	1	6	6	5	6	3	0	0	0	0	0	0	0	0	0
H2a2a1	5p	+	44	23	27	7	13	70	1	6	3	3	5	7	3	11	2	4	1	3	0	0	0	0	0	0	0	0	0
H2a2a1	5p	+	45	17	23	12	18	70	1	4	3	6	6	1	3	6	2	2	3	4	0	0	0	0	0	0	0	0	0
H2a2a1	5p	+	46	22	18	6	18	64	1	5	3	7	6	5	0	4	3	4	3	2	0	0	0	0	0	0	0	0	0
H2a2a1	5p	+	47	19	19	6	17	61	2	4	3	3	6	3	2	11	3	5	2	1	0	0	0	0	0	0	0	0	0
H2a2a1	5p	+	48	16	17	9	18	60	2	2	3	1	3	4	3	3	4	8	2	3	0	0	0	0	0	0	0	0	0
H2a2a1	5p	+	49	16	17	8	15	56	1	3	6	5	2	3	2	2	2	7	2	4	0	0	0	0	0	0	0	0	0
H2a2a1	5p	+	50	17	13	8	15	53	4	4	2	4	5	6	1	6	1	5	2	0	0	0	0	0	0	0	0	0	0
H2a2a1	5p	+	51	12	18	9	13	52	2	4	3	2	4	2	3	6	3	4	2	2	0	0	0	0	0	0	0	0	0
H2a2a1	5p	+	52	13	19	5	12	49	1	1	2	4	3	3	3	12	3	2	2	0	0	0	0	0	0	0	0	0	0
H2a2a1	5p	+	53	19	11	8	9	47	3	2	2	3	7	4	2	1	1	2	2	2	0	0	0	0	0	0	0	0	0
H2a2a1	5p	+	54	12	11	10	10	43	1	3	0	4	5	3	1	3	2	1	3	4	0	0	0	0	0	0	0	0	0
H2a2a1	5p	+	55	10	14	7	8	39	2	1	1	2	0	6	5	2	1	2	2	2	0	0	0	0	0	0	0	0	0
H2a2a1	5p	+	56	12	7	5	13	37	2	3	1	1	3	2	1	1	2	6	1	0	0	0	0	0	0	0	0	0	0
H2a2a1	5p	+	57	10	10	8	7	35	3	1	0	4	5	1	1	3	0	2	2	1	0	0	0	0	0	0	0	0	0
H2a2a1	5p	+	58	16	9	5	2	32	1	5	4	1	1	2	0	2	0	1	1	2	0	0	0	0	0	0	0	0	0
H2a2a1	5p	+	59	5	11	7	7	30	3	3	1	2	1	2	4	1	1	4	1	1	0	0	0	0	0	0	0	0	0
H2a2a1	5p	+	60	6	10	4	8	28	1	3	0	2	2	1	2	2	0	1	2	0	0	0	0	0	0	0	0	0	0
H2a2a1	5p	+	61	8	5	4	9	26	0	1	0	2	4	3	2	1	1	4	2	1	0	0	0	0	0	0	0	0	0
H2a2a1	5p	+	62	10	5	4	6	25	1	0	1	2	2	2	1	2	1	1	0	1	0	0	0	0	0	0	0	0	0
H2a2a1	5p	+	63	8	10	1	4	23	0	0	0	2	2	1	2	5	0	2	1	0	0	0	0	0	0	0	0	0	0
H2a2a1	5p	+	64	11	3	3	5	22	1	0	1	2	6	2	0	2	0	1	1	0	0	0	0	0	0	0	0	0	0
H2a2a1	5p	+	65	4	7	4	3	18	3	2	0	0	1	1	0	1	0	2	0	1	0	0	0	0	0	0	0	0	0
H2a2a1	5p	+	66	2	5	4	3	14	1	1	0	0	0	0	1	2	0	1	1	2	0	0	0	0	0	0	0	0	0
H2a2a1	5p	+	67	2	4	1	3	10	1	1	0	2	1	0	2	1	0	0	0	0	0	0	0	0	0	0	0	0	0
H2a2a1	5p	+	68	2	2	2	2	8	2	0	0	0	0	1	0	2	2	0	0	0	0	0	0	0	0	0	0	0	0
H2a2a1	5p	+	69	4	3	0	0	7	0	1	1	0	1	1	0	0	0	0	0	0	0	0	0	0	0	0	0	0	0
H2a2a1	5p	+	70	0	1	0	0	1	0	0	0	0	0	0	0	1	0	0	0	0	0	0	0	0	0	0	0	0	0
H2a2a1	5p	-	1	45	22	53	54	174	8	6	12	7	8	13	6	5	15	9	10	19	0	0	0	0	0	0	0	0	0
H2a2a1	5p	-	2	36	27	52	59	174	16	10	3	10	7	12	7	5	14	16	9	14	0	0	0	0	0	0	0	0	0
H2a2a1	5p	-	3	43	36	50	45	174	15	14	18	7	3	12	13	5	16	7	2	18	0	0	0	0	0	0	0	0	0
H2a2a1	5p	-	4	41	30	48	55	174	7	6	9	8	6	15	8	5	22	14	6	12	0	0	0	0	0	0	0	0	0
H2a2a1	5p	-	5	41	29	58	46	174	17	7	13	3	7	12	8	9	19	14	4	25	0	0	0	0	0	0	0	0	0
H2a2a1	5p	-	6	35	26	61	52	174	14	10	10	4	7	10	7	5	19	7	9	18	0	0	0	0	0	0	0	0	0
H2a2a1	5p	-	7	41	21	54	58	174	18	3	15	8	2	13	5	7	14	14	6	14	0	0	0	0	0	0	0	0	0
H2a2a1	5p	-	8	33	21	71	49	174	11	9	8	8	7	10	7	2	16	12	12	25	0	0	0	0	0	0	0	0	0
H2a2a1	5p	-	9	50	20	50	54	174	12	7	17	11	11	10	4	3	11	17	5	19	0	0	0	0	0	0	0	0	0
H2a2a1	5p	-	10	47	24	55	48	174	16	4	15	7	10	13	4	7	13	11	7	15	0	0	0	0	0	0	0	0	0
H2a2a1	5p	-	11	40	22	47	65	174	7	6	7	9	9	11	5	6	20	13	5	8	0	0	0	0	0	0	0	0	0
H2a2a1	5p	-	12	45	17	61	51	174	15	5	15	4	10	15	6	4	20	11	9	18	0	0	0	0	0	0	0	0	0
H2a2a1	5p	-	13	42	24	52	56	174	7	12	11	9	7	13	4	6	17	14	7	15	0	0	0	0	0	0	0	0	0
H2a2a1	5p	-	14	36	23	60	55	174	11	6	11	3	5	6	9	7	22	9	9	13	0	0	0	0	0	0	0	0	0
H2a2a1	5p	-	15	45	32	50	47	174	14	14	15	6	3	12	9	6	13	12	8	14	0	0	0	0	0	0	0	0	0
H2a2a1	5p	-	16	49	15	48	62	174	16	5	14	6	9	15	4	5	24	13	7	11	0	0	0	0	0	0	0	0	0
H2a2a1	5p	-	17	50	23	45	56	174	7	8	8	8	8	14	7	6	17	9	3	19	0	0	0	0	0	0	0	0	0
H2a2a1	5p	-	18	48	18	52	56	174	10	7	18	7	5	12	7	3	14	16	6	15	0	0	0	0	0	0	0	0	0
H2a2a1	5p	-	19	43	21	60	50	174	18	7	9	5	2	18	5	2	17	12	7	18	0	0	0	0	0	0	0	0	0
H2a2a1	5p	-	20	40	23	56	55	174	9	4	14	7	7	13	11	3	17	14	5	17	0	0	0	0	0	0	0	0	0
H2a2a1	5p	-	21	52	24	45	53	174	8	8	18	10	12	10	2	10	13	16	6	16	0	0	0	0	0	0	0	0	0
H2a2a1	5p	-	22	41	24	51	58	174	13	10	8	5	0	17	6	4	19	15	6	16	0	0	0	0	0	0	0	0	0
H2a2a1	5p	-	23	41	35	40	58	174	12	11	3	7	8	12	11	7	18	14	3	13	0	0	0	0	0	0	0	0	0
H2a2a1	5p	-	24	50	22	50	52	174	15	6	17	4	6	12	4	8	14	12	4	16	0	0	0	0	0	0	0	0	0
H2a2a1	5p	-	25	36	22	58	58	174	16	6	12	6	2	13	5	6	22	13	6	16	0	0	0	0	0	0	0	0	0
H2a2a1	5p	-	26	41	24	56	53	174	14	9	12	6	6	10	7	3	20	10	8	17	0	0	0	0	0	0	0	0	0
H2a2a1	5p	-	27	47	23	46	58	174	13	7	15	6	6	10	3	6	16	16	5	17	0	0	0	0	0	0	0	0	0
H2a2a1	5p	-	28	41	25	55	53	174	8	10	10	4	8	10	6	5	14	14	10	19	0	0	0	0	0	0	0	0	0
H2a2a1	5p	-	29	48	25	57	44	174	13	11	11	8	14	9	7	4	11	11	10	22	0	0	0	0	0	0	0	0	0
H2a2a1	5p	-	30	39	22	57	56	174	16	6	12	9	4	13	5	7	14	17	2	21	0	0	0	0	0	0	0	0	0
H2a2a1	5p	-	31	38	31	52	53	174	8	10	12	5	7	10	8	10	17	11	6	15	0	0	0	0	0	0	0	0	0
H2a2a1	5p	-	32	46	28	42	58	174	8	8	15	5	11	7	6	9	24	13	4	18	0	0	0	0	0	0	0	0	0
H2a2a1	5p	-	33	37	25	59	53	174	12	9	7	9	2	16	5	4	15	13	5	22	0	0	0	0	0	0	0	0	0
H2a2a1	5p	-	34	39	25	43	67	174	14	7	11	6	10	7	6	5	17	14	4	8	0	0	0	0	0	0	0	0	0
H2a2a1	5p	-	35	46	20	55	53	174	14	6	16	4	7	8	4	4	15	18	6	12	0	0	0	0	0	0	0	0	0
H2a2a1	5p	-	36	52	26	52	43	173	9	9	17	5	8	15	7	7	14	8	5	17	0	0	0	0	0	0	0	0	0
H2a2a1	5p	-	37	41	27	52	52	172	9	7	15	13	6	11	8	8	13	12	11	19	0	0	0	0	0	0	0	0	0
H2a2a1	5p	-	38	39	14	62	53	168	20	5	10	11	7	10	3	4	16	10	5	21	0	0	0	0	0	0	0	0	0
H2a2a1	5p	-	39	34	23	47	62	166	11	9	13	7	5	9	4	5	20	11	5	13	0	0	0	0	0	0	0	0	0
H2a2a1	5p	-	40	40	17	52	53	162	13	5	9	10	4	18	3	5	12	9	6	17	0	0	0	0	0	0	0	0	0
H2a2a1	5p	-	41	13	16	27	18	74	4	4	5	1	2	1	4	4	7	5	4	12	0	0	0	0	0	0	0	0	0
H2a2a1	5p	-	42	19	12	18	21	70	6	4	3	3	2	3	2	3	8	3	3	6	0	0	0	0	0	0	0	0	0
H2a2a1	5p	-	43	13	8	25	18	64	6	1	4	4	2	3	1	3	6	6	6	6	0	0	0	0	0	0	0	0	0
H2a2a1	5p	-	44	12	12	13	20	57	3	5	6	1	0	4	1	5	8	6	1	5	0	0	0	0	0	0	0	0	0
H2a2a1	5p	-	45	13	10	16	13	52	3	4	6	2	0	4	2	2	3	1	4	7	0	0	0	0	0	0	0	0	0
H2a2a1	5p	-	46	15	5	16	14	50	6	3	8	1	0	5	0	1	5	4	2	2	0	0	0	0	0	0	0	0	0
H2a2a1	5p	-	47	14	7	12	16	49	2	3	4	4	3	2	1	0	6	3	3	3	0	0	0	0	0	0	0	0	0
H2a2a1	5p	-	48	12	4	12	18	46	3	0	1	5	3	3	0	3	5	3	1	3	0	0	0	0	0	0	0	0	0
H2a2a1	5p	-	49	11	6	10	19	46	5	1	4	0	1	4	3	1	7	4	0	1	0	0	0	0	0	0	0	0	0
H2a2a1	5p	-	50	8	4	18	13	43	4	0	2	3	0	1	0	0	3	1	2	7	0	0	0	0	0	0	0	0	0
H2a2a1	5p	-	51	12	5	9	16	42	2	2	5	5	3	1	1	1	2	2	1	1	0	0	0	0	0	0	0	0	0
H2a2a1	5p	-	52	9	8	9	13	39	2	3	4	3	1	3	1	3	3	6	1	3	0	0	0	0	0	0	0	0	0
H2a2a1	5p	-	53	6	4	10	13	33	6	1	2	0	1	2	1	2	5	2	1	2	0	0	0	0	0	0	0	0	0
H2a2a1	5p	-	54	9	2	12	9	32	5	1	2	0	1	4	0	1	4	2	1	4	0	0	0	0	0	0	0	0	0
H2a2a1	5p	-	55	8	5	6	10	29	0	2	1	1	0	6	2	1	3	2	0	3	0	0	0	0	0	0	0	0	0
H2a2a1	5p	-	56	3	4	14	5	26	2	3	0	1	2	0	1	0	2	1	1	3	0	0	0	0	0	0	0	0	0
H2a2a1	5p	-	57	11	3	6	4	24	2	2	2	0	0	4	1	0	1	0	1	3	0	0	0	0	0	0	0	0	0
H2a2a1	5p	-	58	9	2	9	3	23	2	0	0	1	2	2	1	0	1	0	2	2	0	0	0	0	0	0	0	0	0
H2a2a1	5p	-	59	4	4	8	4	20	3	2	1	1	1	2	1	1	0	0	1	1	0	0	0	0	0	0	0	0	0
H2a2a1	5p	-	60	2	2	8	6	18	4	1	0	0	0	2	1	0	2	1	0	1	0	0	0	0	0	0	0	0	0
H2a2a1	5p	-	61	5	3	2	8	18	1	3	1	0	2	0	0	0	1	5	0	1	0	0	0	0	0	0	0	0	0
H2a2a1	5p	-	62	4	3	4	6	17	0	2	2	1	0	1	1	0	3	1	0	0	0	0	0	0	0	0	0	0	0
H2a2a1	5p	-	63	8	2	3	3	16	1	0	3	0	2	0	0	2	2	1	0	2	0	0	0	0	0	0	0	0	0
H2a2a1	5p	-	64	4	3	3	4	14	1	0	1	1	0	1	2	1	1	1	1	0	0	0	0	0	0	0	0	0	0
H2a2a1	5p	-	65	1	2	5	3	11	1	0	1	0	0	0	1	0	0	2	1	1	0	0	0	0	0	0	0	0	0
H2a2a1	5p	-	66	4	1	1	4	10	0	0	1	1	1	1	1	0	2	0	0	1	0	0	0	0	0	0	0	0	0
H2a2a1	5p	-	67	2	0	3	2	7	2	0	1	2	1	0	0	0	0	0	0	1	0	0	0	0	0	0	0	0	0
H2a2a1	5p	-	68	1	0	1	2	4	0	0	0	1	0	1	0	0	0	1	0	1	0	0	0	0	0	0	0	0	0
H2a2a1	5p	-	69	0	1	0	2	3	0	0	0	1	0	0	1	0	0	1	0	0	0	0	0	0	0	0	0	0	0
H2a2a1	5p	-	70	0	0	0	0	0	0	0	0	0	0	0	0	0	0	0	0	0	0	0	0	0	0	0	0	0	0
