# table produced by mapDamage version 2.2.2
# using mapped file alignments/numtS_and_gen_0_n1000_ddhigh_l60_s0.95_safari.bam and H2a2a1.fa as reference file
# Chr: reference from sam/bam header, End: from which termini of DNA sequences, Std: strand of reads
Chr	End	Std	Pos	A	C	G	T	Total	G>A	C>T	A>G	T>C	A>C	A>T	C>G	C>A	T>G	T>A	G>C	G>T	A>-	T>-	C>-	G>-	->A	->T	->C	->G	S
H2a2a1	3p	+	1	164	153	73	147	537	26	39	19	51	57	28	23	42	28	31	20	14	0	0	0	0	0	0	0	0	0
H2a2a1	3p	+	2	148	181	60	148	537	14	36	23	45	51	37	16	70	24	39	15	13	0	0	0	0	0	0	0	0	0
H2a2a1	3p	+	3	142	156	74	165	537	28	44	23	57	42	28	14	51	18	44	20	14	0	0	0	0	0	0	0	0	0
H2a2a1	3p	+	4	179	162	90	106	537	34	45	21	37	59	35	21	51	11	27	20	16	0	0	0	0	0	0	0	0	0
H2a2a1	3p	+	5	167	166	65	139	537	24	47	19	41	53	47	18	58	20	40	18	13	0	0	0	0	0	0	0	0	0
H2a2a1	3p	+	6	172	160	71	134	537	28	32	29	44	50	36	21	50	23	35	16	17	0	0	0	0	0	0	0	0	0
H2a2a1	3p	+	7	159	164	73	141	537	16	42	17	38	48	37	21	56	16	35	19	24	0	0	0	0	0	0	0	0	0
H2a2a1	3p	+	8	158	169	72	138	537	15	35	16	35	62	40	20	53	16	40	24	21	0	0	0	0	0	0	0	0	0
H2a2a1	3p	+	9	155	182	77	123	537	22	53	26	37	49	41	26	53	15	27	16	27	0	0	0	0	0	0	0	0	0
H2a2a1	3p	+	10	169	169	72	127	537	27	32	24	35	50	30	27	52	20	40	21	11	0	0	0	0	0	0	0	0	0
H2a2a1	3p	+	11	175	169	62	131	537	17	36	17	33	57	50	20	56	17	40	18	17	0	0	0	0	0	0	0	0	0
H2a2a1	3p	+	12	154	186	71	126	537	23	45	23	46	34	38	22	58	18	30	21	19	0	0	0	0	0	0	0	0	0
H2a2a1	3p	+	13	156	169	65	147	537	22	44	18	41	58	29	24	49	22	37	16	17	0	0	0	0	0	0	0	0	0
H2a2a1	3p	+	14	174	176	64	123	537	23	48	19	39	56	48	26	48	16	38	16	12	0	0	0	0	0	0	0	0	0
H2a2a1	3p	+	15	149	176	78	134	537	25	43	24	44	51	23	17	49	16	26	21	16	0	0	0	0	0	0	0	0	0
H2a2a1	3p	+	16	168	171	66	132	537	24	32	25	32	49	38	21	54	19	42	23	11	0	0	0	0	0	0	0	0	0
H2a2a1	3p	+	17	172	173	63	129	537	15	42	25	36	54	35	13	54	16	43	22	17	0	0	0	0	0	0	0	0	0
H2a2a1	3p	+	18	172	163	69	133	537	23	45	19	38	63	42	17	48	24	40	24	14	0	0	0	0	0	0	0	0	0
H2a2a1	3p	+	19	184	171	64	118	537	12	42	25	37	50	46	18	50	15	29	19	22	0	0	0	0	0	0	0	0	0
H2a2a1	3p	+	20	162	165	64	146	537	20	38	17	48	54	46	9	64	22	41	19	12	0	0	0	0	0	0	0	0	0
H2a2a1	3p	+	21	179	160	50	148	537	13	29	28	52	66	38	28	58	15	35	16	14	0	0	0	0	0	0	0	0	0
H2a2a1	3p	+	22	186	174	55	122	537	20	48	26	40	56	45	17	57	18	31	17	12	0	0	0	0	0	0	0	0	0
H2a2a1	3p	+	23	174	162	70	131	537	19	39	27	46	54	39	15	59	11	41	27	13	0	0	0	0	0	0	0	0	0
H2a2a1	3p	+	24	170	160	61	146	537	16	33	20	46	45	34	21	47	16	39	16	17	0	0	0	0	0	0	0	0	0
H2a2a1	3p	+	25	181	151	73	132	537	24	32	20	40	51	46	10	54	20	41	20	15	0	0	0	0	0	0	0	0	0
H2a2a1	3p	+	26	155	177	81	124	537	26	45	19	38	52	40	18	59	14	31	18	22	0	0	0	0	0	0	0	0	0
H2a2a1	3p	+	27	154	164	74	145	537	31	51	11	49	51	35	19	52	7	44	19	13	0	0	0	0	0	0	0	0	0
H2a2a1	3p	+	28	161	179	70	127	537	25	39	18	43	49	44	19	61	13	39	22	15	0	0	0	0	0	0	0	0	0
H2a2a1	3p	+	29	156	174	73	134	537	24	37	20	37	48	33	22	57	16	48	19	21	0	0	0	0	0	0	0	0	0
H2a2a1	3p	+	30	162	169	72	134	537	23	50	19	37	52	39	16	57	16	40	17	24	0	0	0	0	0	0	0	0	0
H2a2a1	3p	+	31	154	174	74	135	537	28	33	27	41	45	29	22	65	17	33	17	16	0	0	0	0	0	0	0	0	0
H2a2a1	3p	+	32	154	182	68	133	537	21	47	20	50	52	37	28	53	23	28	17	18	0	0	0	0	0	0	0	0	0
H2a2a1	3p	+	33	157	164	78	138	537	20	30	22	38	43	42	16	49	14	37	20	20	0	0	0	0	0	0	0	0	0
H2a2a1	3p	+	34	170	182	75	110	537	20	48	17	32	62	34	25	51	13	33	23	14	0	0	0	0	0	0	0	0	0
H2a2a1	3p	+	35	185	156	67	129	537	19	37	22	41	62	42	22	43	13	39	16	18	0	0	0	0	0	0	0	0	0
H2a2a1	3p	+	36	149	162	78	135	524	21	37	20	44	42	34	13	54	23	30	23	23	0	0	0	0	0	0	0	0	0
H2a2a1	3p	+	37	157	170	66	123	516	18	41	19	34	50	39	21	49	21	34	21	16	0	0	0	0	0	0	0	0	0
H2a2a1	3p	+	38	143	177	55	129	504	14	46	12	37	55	30	25	45	17	39	14	17	0	0	0	0	0	0	0	0	0
H2a2a1	3p	+	39	144	132	59	154	489	17	36	16	44	43	40	14	43	26	40	18	9	0	0	0	0	0	0	0	0	0
H2a2a1	3p	+	40	157	158	55	110	480	11	34	22	36	47	29	14	50	20	30	21	13	0	0	0	0	0	0	0	0	0
H2a2a1	3p	+	41	142	135	66	123	466	31	34	18	34	42	32	13	44	19	41	9	17	0	0	0	0	0	0	0	0	0
H2a2a1	3p	+	42	144	140	56	118	458	13	33	15	41	41	41	13	47	20	27	10	16	0	0	0	0	0	0	0	0	0
H2a2a1	3p	+	43	130	135	72	106	443	28	25	22	32	44	32	8	51	17	24	18	12	0	0	0	0	0	0	0	0	0
H2a2a1	3p	+	44	150	130	46	110	436	12	36	19	41	43	32	11	34	12	24	11	13	0	0	0	0	0	0	0	0	0
H2a2a1	3p	+	45	122	134	62	109	427	20	45	15	35	36	34	16	38	8	32	13	20	0	0	0	0	0	0	0	0	0
H2a2a1	3p	+	46	133	117	46	116	412	16	27	18	41	41	26	11	43	11	34	9	13	0	0	0	0	0	0	0	0	0
H2a2a1	3p	+	47	124	134	46	96	400	14	31	19	31	34	36	16	37	16	23	11	12	0	0	0	0	0	0	0	0	0
H2a2a1	3p	+	48	128	124	45	99	396	20	27	12	38	40	30	16	40	15	21	8	10	0	0	0	0	0	0	0	0	0
H2a2a1	3p	+	49	122	120	51	94	387	16	29	19	25	39	23	19	30	14	21	8	15	0	0	0	0	0	0	0	0	0
H2a2a1	3p	+	50	109	118	55	98	380	22	30	10	34	34	23	13	39	13	26	12	17	0	0	0	0	0	0	0	0	0
H2a2a1	3p	+	51	100	112	58	101	371	13	30	10	31	28	22	12	35	16	21	22	10	0	0	0	0	0	0	0	0	0
H2a2a1	3p	+	52	93	124	50	92	359	23	38	10	25	32	22	12	31	10	30	9	11	0	0	0	0	0	0	0	0	0
H2a2a1	3p	+	53	116	111	49	70	346	13	25	13	22	36	28	9	33	11	19	10	18	0	0	0	0	0	0	0	0	0
H2a2a1	3p	+	54	88	108	56	83	335	21	25	8	21	28	30	12	31	12	29	16	14	0	0	0	0	0	0	0	0	0
H2a2a1	3p	+	55	93	98	55	81	327	19	25	7	27	40	21	12	32	15	19	12	12	0	0	0	0	0	0	0	0	0
H2a2a1	3p	+	56	101	102	45	72	320	11	22	11	23	38	20	18	30	12	13	13	13	0	0	0	0	0	0	0	0	0
H2a2a1	3p	+	57	87	103	44	77	311	14	27	14	26	27	25	17	26	9	22	13	9	0	0	0	0	0	0	0	0	0
H2a2a1	3p	+	58	86	99	41	79	305	10	21	7	29	32	26	13	32	10	14	11	14	0	0	0	0	0	0	0	0	0
H2a2a1	3p	+	59	108	74	45	72	299	13	12	17	21	34	19	9	23	7	28	14	11	0	0	0	0	0	0	0	0	0
H2a2a1	3p	+	60	101	78	30	83	292	5	18	16	21	39	15	12	19	15	22	8	12	0	0	0	0	0	0	0	0	0
H2a2a1	3p	+	61	55	73	33	42	203	9	18	8	12	12	14	7	23	10	8	8	12	0	0	0	0	0	0	0	0	0
H2a2a1	3p	+	62	66	51	30	53	200	10	9	8	15	21	15	9	15	5	12	8	3	0	0	0	0	0	0	0	0	0
H2a2a1	3p	+	63	74	50	18	49	191	3	16	8	16	24	18	13	11	11	11	6	3	0	0	0	0	0	0	0	0	0
H2a2a1	3p	+	64	48	51	36	51	186	15	11	7	15	12	17	4	19	12	7	7	10	0	0	0	0	0	0	0	0	0
H2a2a1	3p	+	65	60	48	26	43	177	11	11	7	4	12	18	6	17	8	19	6	6	0	0	0	0	0	0	0	0	0
H2a2a1	3p	+	66	60	49	22	35	166	6	15	4	7	17	13	8	15	3	12	6	5	0	0	0	0	0	0	0	0	0
H2a2a1	3p	+	67	50	50	19	36	155	8	9	8	13	17	9	7	14	6	11	5	4	0	0	0	0	0	0	0	0	0
H2a2a1	3p	+	68	45	52	23	28	148	6	16	4	5	11	15	7	15	2	15	6	6	0	0	0	0	0	0	0	0	0
H2a2a1	3p	+	69	40	44	23	37	144	7	12	6	11	8	5	3	18	6	7	7	5	0	0	0	0	0	0	0	0	0
H2a2a1	3p	+	70	44	41	26	25	136	7	8	6	6	10	11	9	11	3	5	9	3	0	0	0	0	0	0	0	0	0
H2a2a1	3p	-	1	124	69	163	184	540	33	28	33	25	15	39	14	12	66	37	19	49	0	0	0	0	0	0	0	0	0
H2a2a1	3p	-	2	139	57	175	169	540	45	24	36	15	20	43	10	8	58	32	22	55	0	0	0	0	0	0	0	0	0
H2a2a1	3p	-	3	126	82	162	170	540	41	28	40	15	12	37	18	23	58	41	22	38	0	0	0	0	0	0	0	0	0
H2a2a1	3p	-	4	122	74	154	190	540	36	22	40	27	16	31	24	12	60	37	14	51	0	0	0	0	0	0	0	0	0
H2a2a1	3p	-	5	131	81	167	161	540	42	23	45	20	16	29	20	24	52	38	17	56	0	0	0	0	0	0	0	0	0
H2a2a1	3p	-	6	120	83	176	161	540	40	28	34	23	15	37	22	18	49	36	21	51	0	0	0	0	0	0	0	0	0
H2a2a1	3p	-	7	122	71	171	176	540	27	18	43	27	17	36	21	24	56	36	17	66	0	0	0	0	0	0	0	0	0
H2a2a1	3p	-	8	119	76	164	181	540	27	26	30	22	17	36	19	18	57	47	24	59	0	0	0	0	0	0	0	0	0
H2a2a1	3p	-	9	142	59	178	161	540	41	22	34	22	19	42	8	19	48	38	13	57	0	0	0	0	0	0	0	0	0
H2a2a1	3p	-	10	123	79	172	166	540	41	29	37	24	11	39	16	14	52	31	17	52	0	0	0	0	0	0	0	0	0
H2a2a1	3p	-	11	140	66	170	164	540	45	18	38	19	15	44	20	17	52	34	28	54	0	0	0	0	0	0	0	0	0
H2a2a1	3p	-	12	135	68	171	166	540	46	24	50	23	19	35	12	23	53	27	24	55	0	0	0	0	0	0	0	0	0
H2a2a1	3p	-	13	108	75	179	178	540	46	29	27	14	16	29	27	12	58	36	26	51	0	0	0	0	0	0	0	0	0
H2a2a1	3p	-	14	126	73	158	183	540	46	28	40	25	25	28	17	17	62	41	17	47	0	0	0	0	0	0	0	0	0
H2a2a1	3p	-	15	153	58	157	172	540	36	21	50	22	20	39	11	13	40	40	14	56	0	0	0	0	0	0	0	0	0
H2a2a1	3p	-	16	119	73	170	178	540	35	24	43	19	19	30	15	18	59	39	16	54	0	0	0	0	0	0	0	0	0
H2a2a1	3p	-	17	136	79	151	174	540	38	19	45	20	17	35	28	17	58	43	20	46	0	0	0	0	0	0	0	0	0
H2a2a1	3p	-	18	130	72	161	177	540	43	28	40	20	15	39	14	17	52	53	11	55	0	0	0	0	0	0	0	0	0
H2a2a1	3p	-	19	132	64	171	173	540	40	14	38	25	22	31	24	14	47	39	20	52	0	0	0	0	0	0	0	0	0
H2a2a1	3p	-	20	133	77	166	164	540	47	20	40	5	17	37	20	27	55	44	20	50	0	0	0	0	0	0	0	0	0
H2a2a1	3p	-	21	134	71	153	182	540	35	23	31	21	20	44	21	22	64	35	12	55	0	0	0	0	0	0	0	0	0
H2a2a1	3p	-	22	120	70	184	166	540	30	22	38	20	14	31	13	20	50	42	24	58	0	0	0	0	0	0	0	0	0
H2a2a1	3p	-	23	139	72	172	157	540	37	21	47	20	18	41	22	18	50	34	20	58	0	0	0	0	0	0	0	0	0
H2a2a1	3p	-	24	145	58	161	176	540	37	25	48	21	19	31	14	9	51	45	19	53	0	0	0	0	0	0	0	0	0
H2a2a1	3p	-	25	133	76	171	160	540	34	27	36	18	23	38	16	24	58	38	18	65	0	0	0	0	0	0	0	0	0
H2a2a1	3p	-	26	154	49	171	166	540	44	17	39	23	16	43	13	13	54	39	17	61	0	0	0	0	0	0	0	0	0
H2a2a1	3p	-	27	131	57	163	189	540	42	13	40	23	21	28	24	14	55	46	23	55	0	0	0	0	0	0	0	0	0
H2a2a1	3p	-	28	132	78	167	163	540	40	30	47	29	21	34	24	12	53	39	24	59	0	0	0	0	0	0	0	0	0
H2a2a1	3p	-	29	121	70	179	170	540	50	23	28	29	18	27	17	14	48	36	22	61	0	0	0	0	0	0	0	0	0
H2a2a1	3p	-	30	134	71	165	170	540	39	29	42	30	4	49	15	13	46	40	24	49	0	0	0	0	0	0	0	0	0
H2a2a1	3p	-	31	131	68	163	178	540	35	21	34	21	23	43	21	17	48	52	21	45	0	0	0	0	0	0	0	0	0
H2a2a1	3p	-	32	160	61	155	164	540	45	20	39	11	24	43	18	13	49	44	23	40	0	0	0	0	0	0	0	0	0
H2a2a1	3p	-	33	137	76	163	164	540	39	29	46	10	20	48	15	15	61	40	17	50	0	0	0	0	0	0	0	0	0
H2a2a1	3p	-	34	125	84	165	166	540	40	34	35	22	17	39	26	8	53	37	20	58	0	0	0	0	0	0	0	0	0
H2a2a1	3p	-	35	143	84	141	172	540	31	27	40	22	19	38	17	25	52	31	20	42	0	0	0	0	0	0	0	0	0
H2a2a1	3p	-	36	128	71	153	180	532	40	27	37	17	13	39	18	15	71	36	15	45	0	0	0	0	0	0	0	0	0
H2a2a1	3p	-	37	134	70	165	154	523	37	22	45	19	17	31	23	14	54	23	24	48	0	0	0	0	0	0	0	0	0
H2a2a1	3p	-	38	144	66	143	154	507	33	22	42	26	15	39	19	17	44	24	11	56	0	0	0	0	0	0	0	0	0
H2a2a1	3p	-	39	110	65	165	157	497	28	20	38	14	16	29	19	16	55	31	19	58	0	0	0	0	0	0	0	0	0
H2a2a1	3p	-	40	108	65	148	163	484	38	19	36	15	24	23	14	21	54	43	17	48	0	0	0	0	0	0	0	0	0
H2a2a1	3p	-	41	115	61	141	155	472	32	20	40	15	15	26	18	9	47	34	14	35	0	0	0	0	0	0	0	0	0
H2a2a1	3p	-	42	111	46	155	146	458	26	18	28	23	12	37	12	10	49	31	25	32	0	0	0	0	0	0	0	0	0
H2a2a1	3p	-	43	97	59	152	133	441	35	12	25	14	12	26	11	17	52	31	23	44	0	0	0	0	0	0	0	0	0
H2a2a1	3p	-	44	104	51	131	142	428	32	19	26	16	15	27	12	14	58	26	13	41	0	0	0	0	0	0	0	0	0
H2a2a1	3p	-	45	83	46	142	137	408	35	16	34	11	11	19	14	11	50	31	17	45	0	0	0	0	0	0	0	0	0
H2a2a1	3p	-	46	105	58	129	111	403	28	16	30	7	19	32	16	14	43	27	11	34	0	0	0	0	0	0	0	0	0
H2a2a1	3p	-	47	85	50	146	116	397	48	18	24	21	13	25	7	12	33	23	14	50	0	0	0	0	0	0	0	0	0
H2a2a1	3p	-	48	91	48	136	106	381	31	19	18	9	14	29	9	11	40	25	16	44	0	0	0	0	0	0	0	0	0
H2a2a1	3p	-	49	88	64	119	103	374	23	22	27	13	12	20	20	16	42	17	15	38	0	0	0	0	0	0	0	0	0
H2a2a1	3p	-	50	99	40	127	103	369	35	12	27	14	16	28	9	10	41	24	17	35	0	0	0	0	0	0	0	0	0
H2a2a1	3p	-	51	84	40	124	113	361	27	10	21	9	18	22	10	12	39	27	11	40	0	0	0	0	0	0	0	0	0
H2a2a1	3p	-	52	81	41	121	106	349	17	17	16	15	15	33	9	9	31	31	20	46	0	0	0	0	0	0	0	0	0
H2a2a1	3p	-	53	94	60	80	106	340	23	19	32	12	7	30	13	17	31	32	8	13	0	0	0	0	0	0	0	0	0
H2a2a1	3p	-	54	80	42	97	112	331	27	16	26	25	6	22	12	6	36	22	6	33	0	0	0	0	0	0	0	0	0
H2a2a1	3p	-	55	71	44	115	93	323	24	12	20	13	10	19	13	11	27	17	11	41	0	0	0	0	0	0	0	0	0
H2a2a1	3p	-	56	83	49	99	85	316	26	13	29	10	10	25	12	16	29	18	15	29	0	0	0	0	0	0	0	0	0
H2a2a1	3p	-	57	79	42	97	86	304	18	16	25	11	9	17	11	7	31	18	13	37	0	0	0	0	0	0	0	0	0
H2a2a1	3p	-	58	63	49	76	106	294	21	15	26	16	7	15	17	8	40	20	6	22	0	0	0	0	0	0	0	0	0
H2a2a1	3p	-	59	82	35	92	76	285	21	13	24	14	12	15	5	6	25	19	11	30	0	0	0	0	0	0	0	0	0
H2a2a1	3p	-	60	71	41	83	80	275	19	15	25	7	10	13	10	11	29	22	9	34	0	0	0	0	0	0	0	0	0
H2a2a1	3p	-	61	36	25	55	71	187	11	6	10	9	4	10	7	6	28	15	5	19	0	0	0	0	0	0	0	0	0
H2a2a1	3p	-	62	43	29	56	46	174	16	9	13	8	10	9	5	8	11	11	3	19	0	0	0	0	0	0	0	0	0
H2a2a1	3p	-	63	37	25	53	51	166	14	7	7	4	1	14	9	4	13	13	14	16	0	0	0	0	0	0	0	0	0
H2a2a1	3p	-	64	42	14	45	57	158	5	3	14	7	4	11	6	1	15	14	2	23	0	0	0	0	0	0	0	0	0
H2a2a1	3p	-	65	41	27	42	39	149	13	9	15	5	5	10	7	7	10	11	11	8	0	0	0	0	0	0	0	0	0
H2a2a1	3p	-	66	40	19	44	40	143	13	9	16	9	5	9	3	4	16	4	4	14	0	0	0	0	0	0	0	0	0
H2a2a1	3p	-	67	30	19	41	50	140	17	5	11	5	3	8	6	3	15	5	2	16	0	0	0	0	0	0	0	0	0
H2a2a1	3p	-	68	35	20	35	42	132	8	4	5	4	5	13	2	8	13	13	5	13	0	0	0	0	0	0	0	0	0
H2a2a1	3p	-	69	36	15	28	48	127	6	3	12	9	4	10	6	3	14	10	3	13	0	0	0	0	0	0	0	0	0
H2a2a1	3p	-	70	21	13	40	46	120	10	6	4	9	6	5	4	1	13	4	2	11	0	0	0	0	0	0	0	0	0
H2a2a1	5p	+	1	168	167	72	130	537	25	38	27	38	47	39	27	50	18	35	17	14	0	0	0	0	0	0	0	0	0
H2a2a1	5p	+	2	164	169	72	132	537	24	45	16	36	57	34	21	51	23	35	20	19	0	0	0	0	0	0	0	0	0
H2a2a1	5p	+	3	172	184	61	120	537	19	48	18	41	60	41	20	59	12	23	18	15	0	0	0	0	0	0	0	0	0
H2a2a1	5p	+	4	178	164	75	120	537	30	37	20	35	70	34	19	50	14	34	16	14	0	0	0	0	0	0	0	0	0
H2a2a1	5p	+	5	164	162	74	137	537	21	40	20	40	48	43	26	54	14	34	11	24	0	0	0	0	0	0	0	0	0
H2a2a1	5p	+	6	167	156	71	143	537	22	32	17	52	51	46	24	43	23	31	15	18	0	0	0	0	0	0	0	0	0
H2a2a1	5p	+	7	165	155	90	127	537	29	44	12	35	55	41	14	43	24	39	20	22	0	0	0	0	0	0	0	0	0
H2a2a1	5p	+	8	166	170	65	136	537	16	39	15	43	45	40	14	50	15	29	19	16	0	0	0	0	0	0	0	0	0
H2a2a1	5p	+	9	157	177	59	144	537	24	35	26	41	47	29	28	46	18	41	13	14	0	0	0	0	0	0	0	0	0
H2a2a1	5p	+	10	163	180	72	122	537	25	36	17	33	45	43	27	55	16	29	15	19	0	0	0	0	0	0	0	0	0
H2a2a1	5p	+	11	168	139	77	153	537	20	33	17	58	54	33	21	39	28	30	20	22	0	0	0	0	0	0	0	0	0
H2a2a1	5p	+	12	144	170	81	142	537	32	45	21	48	44	26	21	45	19	29	20	17	0	0	0	0	0	0	0	0	0
H2a2a1	5p	+	13	168	166	69	134	537	26	36	31	43	51	33	20	51	17	38	18	16	0	0	0	0	0	0	0	0	0
H2a2a1	5p	+	14	164	177	60	136	537	21	51	21	45	51	41	18	50	15	32	11	19	0	0	0	0	0	0	0	0	0
H2a2a1	5p	+	15	167	167	78	125	537	27	47	21	44	46	37	20	52	16	23	18	24	0	0	0	0	0	0	0	0	0
H2a2a1	5p	+	16	165	156	74	142	537	21	47	20	49	45	52	22	41	20	32	22	15	0	0	0	0	0	0	0	0	0
H2a2a1	5p	+	17	153	178	82	124	537	24	46	26	32	44	31	18	54	18	36	32	20	0	0	0	0	0	0	0	0	0
H2a2a1	5p	+	18	163	170	72	132	537	24	43	25	41	53	41	16	46	25	41	20	17	0	0	0	0	0	0	0	0	0
H2a2a1	5p	+	19	165	173	76	123	537	20	36	21	39	43	35	23	55	16	30	18	20	0	0	0	0	0	0	0	0	0
H2a2a1	5p	+	20	160	159	63	155	537	25	27	25	54	55	31	23	60	23	37	19	10	0	0	0	0	0	0	0	0	0
H2a2a1	5p	+	21	159	160	72	146	537	16	32	22	52	52	32	24	50	16	47	23	19	0	0	0	0	0	0	0	0	0
H2a2a1	5p	+	22	143	165	74	155	537	21	39	16	47	41	31	19	56	22	45	23	17	0	0	0	0	0	0	0	0	0
H2a2a1	5p	+	23	164	164	68	141	537	22	41	16	41	58	40	12	51	19	37	24	11	0	0	0	0	0	0	0	0	0
H2a2a1	5p	+	24	158	180	76	123	537	15	37	20	35	50	38	11	62	16	41	27	20	0	0	0	0	0	0	0	0	0
H2a2a1	5p	+	25	169	160	78	130	537	26	38	22	41	46	38	17	57	20	32	23	18	0	0	0	0	0	0	0	0	0
H2a2a1	5p	+	26	174	182	77	104	537	24	52	21	36	58	41	20	57	11	30	23	18	0	0	0	0	0	0	0	0	0
H2a2a1	5p	+	27	164	176	82	115	537	16	37	23	36	57	35	17	52	8	36	24	26	0	0	0	0	0	0	0	0	0
H2a2a1	5p	+	28	178	164	68	127	537	24	38	28	41	61	33	20	52	14	27	18	13	0	0	0	0	0	0	0	0	0
H2a2a1	5p	+	29	162	180	59	136	537	20	43	13	47	49	53	30	54	17	34	8	21	0	0	0	0	0	0	0	0	0
H2a2a1	5p	+	30	167	186	59	125	537	16	38	21	30	51	42	18	61	10	45	19	13	0	0	0	0	0	0	0	0	0
H2a2a1	5p	+	31	173	162	67	135	537	22	41	18	28	60	37	23	49	18	41	20	18	0	0	0	0	0	0	0	0	0
H2a2a1	5p	+	32	172	170	62	133	537	15	47	27	39	51	38	23	47	18	31	23	15	0	0	0	0	0	0	0	0	0
H2a2a1	5p	+	33	151	184	68	134	537	20	36	19	43	43	41	21	66	25	32	14	19	0	0	0	0	0	0	0	0	0
H2a2a1	5p	+	34	155	172	76	134	537	34	39	19	38	44	44	21	60	16	34	20	12	0	0	0	0	0	0	0	0	0
H2a2a1	5p	+	35	154	161	71	151	537	25	41	16	46	51	41	11	58	20	46	18	17	0	0	0	0	0	0	0	0	0
H2a2a1	5p	+	36	177	160	55	132	524	19	33	26	33	56	42	17	49	14	47	14	11	0	0	0	0	0	0	0	0	0
H2a2a1	5p	+	37	160	154	66	136	516	19	31	20	47	50	31	26	47	23	34	11	24	0	0	0	0	0	0	0	0	0
H2a2a1	5p	+	38	137	158	70	139	504	23	42	17	42	42	33	17	54	22	35	20	16	0	0	0	0	0	0	0	0	0
H2a2a1	5p	+	39	155	142	72	120	489	24	37	23	39	43	38	11	47	18	27	16	17	0	0	0	0	0	0	0	0	0
H2a2a1	5p	+	40	154	141	57	128	480	18	38	26	46	51	28	22	46	15	35	24	8	0	0	0	0	0	0	0	0	0
H2a2a1	5p	+	41	159	140	50	117	466	16	35	22	40	38	50	14	48	17	33	18	9	0	0	0	0	0	0	0	0	0
H2a2a1	5p	+	42	143	147	59	109	458	15	33	19	39	52	39	13	45	9	34	16	20	0	0	0	0	0	0	0	0	0
H2a2a1	5p	+	43	139	130	72	102	443	25	31	19	23	46	31	15	47	16	27	22	18	0	0	0	0	0	0	0	0	0
H2a2a1	5p	+	44	129	131	59	117	436	16	27	16	40	38	31	20	47	17	34	17	15	0	0	0	0	0	0	0	0	0
H2a2a1	5p	+	45	134	132	56	105	427	12	27	21	42	42	33	13	37	16	20	17	13	0	0	0	0	0	0	0	0	0
H2a2a1	5p	+	46	125	130	63	94	412	15	32	18	32	38	38	13	39	12	23	22	19	0	0	0	0	0	0	0	0	0
H2a2a1	5p	+	47	132	117	53	98	400	13	38	14	29	40	34	10	40	17	24	13	15	0	0	0	0	0	0	0	0	0
H2a2a1	5p	+	48	110	147	42	97	396	13	42	14	19	36	29	24	38	12	37	11	12	0	0	0	0	0	0	0	0	0
H2a2a1	5p	+	49	120	112	48	107	387	10	26	18	35	45	29	6	43	22	31	15	13	0	0	0	0	0	0	0	0	0
H2a2a1	5p	+	50	119	113	59	89	380	23	32	13	24	33	28	12	38	6	27	13	13	0	0	0	0	0	0	0	0	0
H2a2a1	5p	+	51	93	140	53	85	371	19	29	15	28	28	16	20	41	12	18	8	12	0	0	0	0	0	0	0	0	0
H2a2a1	5p	+	52	90	114	45	110	359	14	16	15	32	29	23	16	47	18	26	11	11	0	0	0	0	0	0	0	0	0
H2a2a1	5p	+	53	107	104	44	91	346	10	23	10	29	39	19	13	30	14	24	14	14	0	0	0	0	0	0	0	0	0
H2a2a1	5p	+	54	95	94	47	99	335	15	29	11	32	30	20	5	30	15	24	10	13	0	0	0	0	0	0	0	0	0
H2a2a1	5p	+	55	94	114	49	70	327	15	24	16	20	27	28	16	39	14	25	15	13	0	0	0	0	0	0	0	0	0
H2a2a1	5p	+	56	110	86	33	91	320	12	31	20	30	35	23	9	24	11	27	5	7	0	0	0	0	0	0	0	0	0
H2a2a1	5p	+	57	100	94	51	66	311	23	26	11	24	32	10	7	28	5	20	13	6	0	0	0	0	0	0	0	0	0
H2a2a1	5p	+	58	88	96	46	75	305	10	28	16	23	20	20	10	28	5	23	14	10	0	0	0	0	0	0	0	0	0
H2a2a1	5p	+	59	89	105	36	69	299	9	29	14	29	19	32	13	27	9	21	13	5	0	0	0	0	0	0	0	0	0
H2a2a1	5p	+	60	98	77	41	76	292	12	15	10	19	38	21	10	19	9	23	12	10	0	0	0	0	0	0	0	0	0
H2a2a1	5p	+	61	62	62	31	48	203	8	17	6	8	19	17	9	22	7	18	11	7	0	0	0	0	0	0	0	0	0
H2a2a1	5p	+	62	65	55	27	53	200	10	17	4	18	27	19	6	17	7	19	4	9	0	0	0	0	0	0	0	0	0
H2a2a1	5p	+	63	73	62	14	42	191	8	10	5	12	22	22	12	25	4	16	1	3	0	0	0	0	0	0	0	0	0
H2a2a1	5p	+	64	60	58	22	46	186	12	11	7	19	15	11	5	24	5	12	3	2	0	0	0	0	0	0	0	0	0
H2a2a1	5p	+	65	44	52	26	55	177	9	13	7	16	9	10	6	13	3	16	6	5	0	0	0	0	0	0	0	0	0
H2a2a1	5p	+	66	50	49	22	45	166	5	11	5	15	22	6	4	13	6	16	2	9	0	0	0	0	0	0	0	0	0
H2a2a1	5p	+	67	50	41	19	45	155	4	7	2	12	23	8	8	16	7	7	7	6	0	0	0	0	0	0	0	0	0
H2a2a1	5p	+	68	44	49	16	39	148	5	15	4	6	16	14	6	19	10	11	6	3	0	0	0	0	0	0	0	0	0
H2a2a1	5p	+	69	53	36	17	38	144	10	9	6	9	17	12	4	14	7	11	2	3	0	0	0	0	0	0	0	0	0
H2a2a1	5p	+	70	58	31	20	27	136	5	5	7	6	20	11	2	17	3	11	6	6	0	0	0	0	0	0	0	0	0
H2a2a1	5p	-	1	116	75	175	174	540	32	22	39	23	13	35	18	18	65	36	29	58	0	0	0	0	0	0	0	0	0
H2a2a1	5p	-	2	126	68	176	170	540	43	22	32	24	13	36	19	12	53	38	20	51	0	0	0	0	0	0	0	0	0
H2a2a1	5p	-	3	132	77	165	166	540	40	23	44	25	17	34	28	16	63	32	15	54	0	0	0	0	0	0	0	0	0
H2a2a1	5p	-	4	118	77	170	175	540	38	25	33	23	14	33	18	12	56	39	14	55	0	0	0	0	0	0	0	0	0
H2a2a1	5p	-	5	140	82	173	145	540	53	28	44	7	18	51	15	25	56	35	12	62	0	0	0	0	0	0	0	0	0
H2a2a1	5p	-	6	118	82	176	164	540	53	27	39	15	21	26	28	19	49	34	17	46	0	0	0	0	0	0	0	0	0
H2a2a1	5p	-	7	116	68	167	189	540	40	24	40	25	13	30	12	13	64	36	18	53	0	0	0	0	0	0	0	0	0
H2a2a1	5p	-	8	141	75	183	141	540	42	32	48	17	23	32	20	15	51	29	22	59	0	0	0	0	0	0	0	0	0
H2a2a1	5p	-	9	142	65	153	180	540	36	25	42	24	18	41	17	10	56	47	18	53	0	0	0	0	0	0	0	0	0
H2a2a1	5p	-	10	138	55	181	166	540	39	13	39	20	23	42	14	16	55	32	26	56	0	0	0	0	0	0	0	0	0
H2a2a1	5p	-	11	136	75	170	159	540	31	22	36	20	24	31	18	21	48	37	25	38	0	0	0	0	0	0	0	0	0
H2a2a1	5p	-	12	138	68	163	171	540	38	24	41	25	22	43	19	12	63	34	20	55	0	0	0	0	0	0	0	0	0
H2a2a1	5p	-	13	135	81	172	152	540	35	32	39	23	19	37	24	11	44	34	16	57	0	0	0	0	0	0	0	0	0
H2a2a1	5p	-	14	115	58	200	167	540	52	19	29	16	20	24	18	11	55	43	25	48	0	0	0	0	0	0	0	0	0
H2a2a1	5p	-	15	134	91	153	162	540	44	34	44	22	14	42	23	22	45	35	16	50	0	0	0	0	0	0	0	0	0
H2a2a1	5p	-	16	117	68	174	181	540	46	18	38	9	20	29	27	18	73	47	21	58	0	0	0	0	0	0	0	0	0
H2a2a1	5p	-	17	131	79	172	158	540	36	26	40	21	18	31	23	14	48	41	20	60	0	0	0	0	0	0	0	0	0
H2a2a1	5p	-	18	135	68	176	161	540	41	30	39	18	18	30	14	14	51	37	23	56	0	0	0	0	0	0	0	0	0
H2a2a1	5p	-	19	134	69	168	169	540	36	18	41	29	14	34	14	21	57	32	21	54	0	0	0	0	0	0	0	0	0
H2a2a1	5p	-	20	138	73	161	168	540	30	21	49	15	16	40	30	13	61	40	18	50	0	0	0	0	0	0	0	0	0
H2a2a1	5p	-	21	146	67	147	180	540	29	22	42	23	32	32	9	20	53	45	21	47	0	0	0	0	0	0	0	0	0
H2a2a1	5p	-	22	131	62	170	177	540	30	16	41	19	14	37	16	16	58	32	20	59	0	0	0	0	0	0	0	0	0
H2a2a1	5p	-	23	135	73	164	168	540	40	22	38	18	19	37	25	15	65	34	28	46	0	0	0	0	0	0	0	0	0
H2a2a1	5p	-	24	143	72	151	174	540	41	21	44	18	23	39	12	23	64	36	14	48	0	0	0	0	0	0	0	0	0
H2a2a1	5p	-	25	121	87	182	150	540	52	24	39	21	12	39	24	22	49	27	24	56	0	0	0	0	0	0	0	0	0
H2a2a1	5p	-	26	119	90	179	152	540	48	39	41	14	13	26	18	18	56	33	28	51	0	0	0	0	0	0	0	0	0
H2a2a1	5p	-	27	152	71	158	159	540	43	22	35	15	17	50	18	18	50	37	19	54	0	0	0	0	0	0	0	0	0
H2a2a1	5p	-	28	130	63	176	171	540	38	22	40	18	17	33	17	14	58	37	22	57	0	0	0	0	0	0	0	0	0
H2a2a1	5p	-	29	140	73	164	163	540	44	30	36	17	27	37	19	15	54	37	19	48	0	0	0	0	0	0	0	0	0
H2a2a1	5p	-	30	142	75	157	166	540	45	30	42	17	23	39	20	13	36	48	20	43	0	0	0	0	0	0	0	0	0
H2a2a1	5p	-	31	122	69	175	174	540	38	17	44	26	20	31	17	18	64	39	25	51	0	0	0	0	0	0	0	0	0
H2a2a1	5p	-	32	119	62	173	186	540	45	19	40	30	16	31	17	15	72	33	29	50	0	0	0	0	0	0	0	0	0
H2a2a1	5p	-	33	127	68	175	170	540	41	19	37	23	11	38	16	18	47	46	20	51	0	0	0	0	0	0	0	0	0
H2a2a1	5p	-	34	120	65	147	208	540	25	16	34	24	16	27	19	19	64	48	16	52	0	0	0	0	0	0	0	0	0
H2a2a1	5p	-	35	148	68	168	156	540	32	17	39	13	19	46	14	20	47	40	21	44	0	0	0	0	0	0	0	0	0
H2a2a1	5p	-	36	138	74	160	160	532	42	26	41	24	18	43	16	21	51	36	20	46	0	0	0	0	0	0	0	0	0
H2a2a1	5p	-	37	138	72	143	170	523	34	26	46	28	15	41	21	13	48	46	16	48	0	0	0	0	0	0	0	0	0
H2a2a1	5p	-	38	122	59	159	167	507	35	25	42	20	15	34	15	10	51	36	14	57	0	0	0	0	0	0	0	0	0
H2a2a1	5p	-	39	117	61	147	172	497	32	18	42	21	14	25	11	19	59	34	14	59	0	0	0	0	0	0	0	0	0
H2a2a1	5p	-	40	118	53	162	151	484	38	18	33	16	15	41	12	15	38	28	14	62	0	0	0	0	0	0	0	0	0
H2a2a1	5p	-	41	105	62	154	151	472	40	16	34	10	17	20	16	19	48	39	19	49	0	0	0	0	0	0	0	0	0
H2a2a1	5p	-	42	113	64	133	148	458	37	21	25	19	13	33	17	16	49	27	17	39	0	0	0	0	0	0	0	0	0
H2a2a1	5p	-	43	114	51	144	132	441	35	19	32	20	16	31	9	16	42	29	19	48	0	0	0	0	0	0	0	0	0
H2a2a1	5p	-	44	105	66	113	144	428	20	27	30	17	10	32	12	17	50	32	11	40	0	0	0	0	0	0	0	0	0
H2a2a1	5p	-	45	99	57	126	126	408	30	18	34	15	12	27	16	15	31	29	16	44	0	0	0	0	0	0	0	0	0
H2a2a1	5p	-	46	94	53	124	132	403	29	22	38	15	10	20	15	8	48	30	10	44	0	0	0	0	0	0	0	0	0
H2a2a1	5p	-	47	95	64	105	133	397	23	28	26	16	17	20	18	9	41	28	11	36	0	0	0	0	0	0	0	0	0
H2a2a1	5p	-	48	100	47	107	127	381	22	16	25	17	18	22	12	11	44	23	11	38	0	0	0	0	0	0	0	0	0
H2a2a1	5p	-	49	84	49	120	121	374	37	17	28	12	7	26	14	13	40	31	15	37	0	0	0	0	0	0	0	0	0
H2a2a1	5p	-	50	91	41	133	104	369	35	13	34	16	12	20	11	8	29	19	18	43	0	0	0	0	0	0	0	0	0
H2a2a1	5p	-	51	87	62	104	108	361	20	19	23	17	16	21	14	21	33	22	12	35	0	0	0	0	0	0	0	0	0
H2a2a1	5p	-	52	90	39	108	112	349	24	12	24	11	15	30	9	11	32	27	14	32	0	0	0	0	0	0	0	0	0
H2a2a1	5p	-	53	74	43	114	109	340	26	7	20	15	9	21	10	13	33	20	16	41	0	0	0	0	0	0	0	0	0
H2a2a1	5p	-	54	79	38	114	100	331	25	10	21	11	10	28	6	15	34	24	13	41	0	0	0	0	0	0	0	0	0
H2a2a1	5p	-	55	64	47	99	113	323	16	16	18	14	9	24	16	11	40	26	11	33	0	0	0	0	0	0	0	0	0
H2a2a1	5p	-	56	77	42	90	107	316	26	18	25	10	12	17	10	8	37	26	9	17	0	0	0	0	0	0	0	0	0
H2a2a1	5p	-	57	79	46	76	103	304	17	17	20	19	6	26	12	5	32	23	15	21	0	0	0	0	0	0	0	0	0
H2a2a1	5p	-	58	81	46	88	79	294	24	17	26	8	5	18	9	12	25	15	9	24	0	0	0	0	0	0	0	0	0
H2a2a1	5p	-	59	66	34	107	78	285	31	13	22	5	15	17	10	7	30	11	13	29	0	0	0	0	0	0	0	0	0
H2a2a1	5p	-	60	67	34	83	91	275	27	13	22	9	10	22	8	8	32	22	8	18	0	0	0	0	0	0	0	0	0
H2a2a1	5p	-	61	40	27	64	56	187	15	15	8	8	10	15	2	6	13	14	5	23	0	0	0	0	0	0	0	0	0
H2a2a1	5p	-	62	42	22	53	57	174	7	10	11	9	3	14	5	0	18	16	5	23	0	0	0	0	0	0	0	0	0
H2a2a1	5p	-	63	35	23	53	55	166	13	5	12	8	7	6	5	7	18	10	2	23	0	0	0	0	0	0	0	0	0
H2a2a1	5p	-	64	54	16	51	37	158	11	2	17	8	6	16	4	6	13	6	9	14	0	0	0	0	0	0	0	0	0
H2a2a1	5p	-	65	36	20	51	42	149	10	3	17	5	3	6	8	5	18	6	8	14	0	0	0	0	0	0	0	0	0
H2a2a1	5p	-	66	29	16	39	59	143	6	5	6	8	3	9	6	2	18	12	6	14	0	0	0	0	0	0	0	0	0
H2a2a1	5p	-	67	34	16	45	45	140	15	4	10	7	6	8	6	2	18	8	2	13	0	0	0	0	0	0	0	0	0
H2a2a1	5p	-	68	30	14	41	47	132	12	5	14	7	3	8	4	3	12	11	4	13	0	0	0	0	0	0	0	0	0
H2a2a1	5p	-	69	31	26	36	34	127	2	8	11	5	3	10	10	6	8	6	7	15	0	0	0	0	0	0	0	0	0
H2a2a1	5p	-	70	26	20	36	38	120	9	6	11	2	3	4	3	7	16	14	2	12	0	0	0	0	0	0	0	0	0
