euka_corrected_full_j_0.0_detected.tsv 
Arctiinae	yes	1901	0.106287	0.0957775	0.118022	0.0902028	0.125166	
Bovidae	yes	280	0.0157017	0.0140498	0.0175318	0.0131346	0.0187248	
Calyptratae	yes	6104	0.341912	0.317409	0.368405	0.303675	0.384049	
Colubroidea	yes	1255	0.070309	0.063279	0.0781908	0.0593364	0.0830338	
Cryptorhynchinae	yes	253	0.0141715	0.0126672	0.015845	0.0118617	0.016961	
Lampyridae	yes	3524	0.197799	0.179787	0.21689	0.170042	0.228569	
Lycosoidea	yes	717	0.0402145	0.0360265	0.0447965	0.0338164	0.0477329	
Mus	yes	323	0.018051	0.0161881	0.0201634	0.0151846	0.021512	
Myotis	yes	550	0.0308246	0.0276194	0.0344098	0.0258817	0.0366156	
Rattus	yes	668	0.0374679	0.033622	0.0417062	0.0314123	0.0445029	
Ursidae	yes	1975	0.110747	0.0997505	0.122653	0.0939369	0.130187	
Xerinae	yes	230	0.0128897	0.0115034	0.0144044	0.01076	0.0154185

euka_corrected_full_j_0.1_detected.tsv 
Arctiinae	yes	1901	0.106598	0.0959107	0.117672	0.0901414	0.124603	
Bovidae	yes	280	0.0156952	0.0140183	0.0175625	0.0131391	0.0186992	
Calyptratae	yes	6104	0.341831	0.31718	0.368304	0.303569	0.383895	
Colubroidea	yes	1255	0.0703791	0.0631481	0.0783388	0.0593207	0.0833965	
Cryptorhynchinae	yes	253	0.0141889	0.0126638	0.0158623	0.0118777	0.0169002	
Lampyridae	yes	3524	0.197663	0.179656	0.216634	0.170097	0.228177	
Lycosoidea	yes	717	0.0403321	0.0362321	0.044813	0.0338631	0.0478765	
Mus	yes	323	0.0180964	0.0161996	0.0202428	0.0151764	0.021584	
Myotis	yes	550	0.0307772	0.0276249	0.0344484	0.0259371	0.0367924	
Rattus	yes	668	0.0374509	0.0336196	0.0418094	0.0314161	0.0446615	
Ursidae	yes	1975	0.110731	0.0999722	0.122618	0.0941776	0.130184	
Xerinae	yes	230	0.0128874	0.0115086	0.0144035	0.0108009	0.015355

euka_corrected_full_j_0.2_detected.tsv 
Arctiinae	yes	1901	0.106682	0.09636	0.117824	0.0904949	0.124954	
Bovidae	yes	280	0.0156748	0.0140395	0.0174854	0.0132143	0.018648	
Calyptratae	yes	6104	0.342374	0.317904	0.367706	0.30354	0.382953	
Colubroidea	yes	1255	0.070369	0.0631727	0.0781977	0.0592329	0.0831094	
Cryptorhynchinae	yes	253	0.0141759	0.0126947	0.0158537	0.0118977	0.0169235	
Lampyridae	yes	3524	0.197767	0.179957	0.216391	0.170643	0.227629	
Lycosoidea	yes	717	0.0400701	0.0360294	0.0447084	0.0336395	0.0476625	
Mus	yes	323	0.0180787	0.016197	0.0201628	0.0151103	0.0214822	
Myotis	yes	550	0.030774	0.0276433	0.0343097	0.0259248	0.0366838	
Rattus	yes	668	0.0374538	0.0334966	0.0416211	0.0314051	0.0445332	
Ursidae	yes	1975	0.110681	0.0997891	0.122708	0.0938246	0.130454	
Xerinae	yes	230	0.0128631	0.0114671	0.0143693	0.0107659	0.0153222

euka_corrected_full_j_0.3_detected.tsv
Arctiinae	yes	1901	0.106658	0.0961623	0.118002	0.0901001	0.125578	
Bovidae	yes	280	0.0157163	0.0139953	0.0174859	0.0130883	0.0185904	
Calyptratae	yes	6104	0.342326	0.317681	0.368103	0.303337	0.383628	
Colubroidea	yes	1255	0.0703217	0.0631869	0.0782427	0.0592778	0.0832387	
Cryptorhynchinae	yes	253	0.0141534	0.0126305	0.0158392	0.0118088	0.016929	
Lampyridae	yes	3524	0.197407	0.180086	0.216636	0.170414	0.227758	
Lycosoidea	yes	717	0.0401824	0.0360183	0.0447854	0.0336568	0.0477823	
Mus	yes	323	0.0180814	0.0161741	0.020214	0.0151599	0.0215985	
Myotis	yes	550	0.030778	0.0275922	0.0343265	0.0259028	0.0367701	
Rattus	yes	668	0.0374217	0.033486	0.0417368	0.0313073	0.0444986	
Ursidae	yes	1975	0.110449	0.0997914	0.122404	0.0940907	0.13013	
Xerinae	yes	230	0.0128699	0.0115308	0.0143757	0.0108209	0.0153111

euka_corrected_full_j_0.4_detected.tsv 
Arctiinae	yes	1901	0.106601	0.0961854	0.117921	0.0904879	0.125213	
Bovidae	yes	280	0.0156977	0.0140062	0.0175141	0.0130877	0.0186615	
Calyptratae	yes	6104	0.342701	0.31755	0.368649	0.303471	0.382966	
Colubroidea	yes	1255	0.0703894	0.0632895	0.0784142	0.0594151	0.0833006	
Cryptorhynchinae	yes	253	0.0141796	0.0126452	0.0158472	0.0118176	0.0169116	
Lampyridae	yes	3524	0.197668	0.179391	0.216208	0.169515	0.228059	
Lycosoidea	yes	717	0.0402068	0.0361713	0.0448826	0.0339256	0.0478363	
Mus	yes	323	0.0180711	0.0161921	0.0201834	0.0152009	0.0215387	
Myotis	yes	550	0.0308305	0.0276273	0.0344208	0.025857	0.0366693	
Rattus	yes	668	0.037442	0.0336123	0.0417789	0.0314914	0.0444656	
Ursidae	yes	1975	0.110576	0.0996505	0.122246	0.0942747	0.129881	
Xerinae	yes	230	0.0128882	0.0115306	0.0144309	0.0107832	0.0153463

euka_corrected_full_j_0.5_detected.tsv
Arctiinae	yes	1901	0.106366	0.0962838	0.117924	0.090461	0.125279	
Bovidae	yes	280	0.0156746	0.0140116	0.0175649	0.0131244	0.018757	
Calyptratae	yes	6104	0.342307	0.317548	0.367883	0.303406	0.383244	
Colubroidea	yes	1255	0.0702993	0.0632929	0.0782962	0.0595115	0.0835034	
Cryptorhynchinae	yes	253	0.0141838	0.0126797	0.0158291	0.0118654	0.0169489	
Lampyridae	yes	3524	0.19774	0.180069	0.216413	0.16991	0.229005	
Lycosoidea	yes	717	0.0401887	0.0359717	0.0447442	0.0338398	0.0476159	
Mus	yes	323	0.0180545	0.0161753	0.0202091	0.0151249	0.0215885	
Myotis	yes	550	0.0309236	0.0277311	0.0344458	0.026013	0.0367266	
Rattus	yes	668	0.0374216	0.0335874	0.0416122	0.0314631	0.0444737	
Ursidae	yes	1975	0.110558	0.0999595	0.12215	0.0943295	0.12972	
Xerinae	yes	230	0.0128608	0.01151	0.0143607	0.0107618	0.0153273

euka_corrected_full_j_0.6_detected.tsv 
Arctiinae	yes	1901	0.106687	0.0961358	0.118087	0.0906849	0.125268	
Bovidae	yes	280	0.0157278	0.0140275	0.017556	0.0131827	0.0187432	
Calyptratae	yes	6104	0.342422	0.317903	0.36795	0.302811	0.383295	
Colubroidea	yes	1255	0.0702219	0.0630652	0.078128	0.0592518	0.0831134	
Cryptorhynchinae	yes	253	0.0141503	0.0126795	0.0158502	0.011874	0.0169478	
Lampyridae	yes	3524	0.197592	0.180066	0.217104	0.170382	0.228762	
Lycosoidea	yes	717	0.0401811	0.0360413	0.0448585	0.0337916	0.0478843	
Mus	yes	323	0.0180725	0.0161464	0.0202274	0.0150564	0.0216299	
Myotis	yes	550	0.0308192	0.0276383	0.0344439	0.0259784	0.0366887	
Rattus	yes	668	0.0374045	0.0335812	0.0417045	0.0315128	0.0446	
Ursidae	yes	1975	0.110201	0.0997854	0.122262	0.0939316	0.129753	
Xerinae	yes	230	0.0128848	0.0115184	0.0143685	0.0107875	0.0153516

euka_corrected_full_j_0.7_detected.tsv 
Arctiinae	yes	1901	0.10659	0.0962041	0.118018	0.0905672	0.125617	
Bovidae	yes	280	0.0156853	0.0140062	0.0175549	0.0130928	0.0187266	
Calyptratae	yes	6104	0.342498	0.317572	0.36839	0.303326	0.384453	
Colubroidea	yes	1255	0.070344	0.0630944	0.0782189	0.0592451	0.0830666	
Cryptorhynchinae	yes	253	0.0141762	0.0126805	0.0158957	0.0118761	0.016961	
Lampyridae	yes	3524	0.197516	0.179996	0.216306	0.17003	0.228431	
Lycosoidea	yes	717	0.0401412	0.036051	0.0447853	0.0338382	0.0477115	
Mus	yes	323	0.0180856	0.016195	0.0202469	0.0151722	0.0216058	
Myotis	yes	550	0.0308102	0.0276386	0.0344705	0.0258347	0.0367604	
Rattus	yes	668	0.0375194	0.0335532	0.0417682	0.0314217	0.0445638	
Ursidae	yes	1975	0.110685	0.0998779	0.122283	0.0938113	0.129489	
Xerinae	yes	230	0.0128926	0.0115114	0.0144365	0.0108	0.0153875

euka_corrected_full_j_0.8_detected.tsv 
Arctiinae	yes	1901	0.106473	0.096066	0.117823	0.0904013	0.124676	
Bovidae	yes	280	0.0157367	0.0140463	0.0175863	0.0131476	0.018787	
Calyptratae	yes	6104	0.342058	0.317464	0.368087	0.304071	0.382896	
Colubroidea	yes	1255	0.070339	0.063247	0.0781459	0.0593528	0.083249	
Cryptorhynchinae	yes	253	0.0141861	0.0126705	0.015851	0.0118749	0.0168742	
Lampyridae	yes	3524	0.197889	0.180026	0.216634	0.170112	0.228199	
Lycosoidea	yes	717	0.0401458	0.035892	0.0448046	0.0336216	0.047686	
Mus	yes	323	0.0181033	0.0161553	0.0202329	0.015163	0.0215807	
Myotis	yes	550	0.0308188	0.0276277	0.0345043	0.0259824	0.0369593	
Rattus	yes	668	0.0374453	0.0334713	0.0417265	0.0312358	0.0444439	
Ursidae	yes	1975	0.11072	0.0996975	0.122639	0.0936353	0.130098	
Xerinae	yes	230	0.0129043	0.0115458	0.0144233	0.0108164	0.0154385

euka_corrected_full_j_0.9_detected.tsv 
Arctiinae	yes	1901	0.106755	0.0960592	0.11807	0.090419	0.125256	
Bovidae	yes	280	0.0157072	0.0140531	0.0175497	0.013107	0.0187217	
Calyptratae	yes	6104	0.342668	0.317581	0.368247	0.303178	0.382859	
Colubroidea	yes	1255	0.0703836	0.0633212	0.0780429	0.0595347	0.0830346	
Cryptorhynchinae	yes	253	0.0141565	0.0126511	0.0158674	0.0118561	0.016943	
Lampyridae	yes	3524	0.197988	0.180004	0.216978	0.170178	0.227961	
Lycosoidea	yes	717	0.0402235	0.036116	0.0447976	0.0338174	0.0476392	
Mus	yes	323	0.0180727	0.0161474	0.0201688	0.0152141	0.0215543	
Myotis	yes	550	0.0308268	0.0276156	0.0343725	0.0258034	0.0366973	
Rattus	yes	668	0.0373885	0.0335623	0.0417035	0.0314281	0.0444595	
Ursidae	yes	1975	0.110573	0.0995466	0.122177	0.0935079	0.130132	
Xerinae	yes	230	0.0128955	0.0115089	0.0144128	0.0107874	0.0153725

euka_corrected_full_j_1.0_detected.tsv 
Arctiinae	yes	1901	0.106519	0.0962325	0.118042	0.0905697	0.125724	
Bovidae	yes	280	0.0156486	0.0139891	0.0175237	0.0131228	0.0187372	
Calyptratae	yes	6104	0.342037	0.317394	0.367727	0.302025	0.382539	
Colubroidea	yes	1255	0.0704049	0.0631933	0.0780973	0.0593891	0.0829028	
Cryptorhynchinae	yes	253	0.0141475	0.012673	0.015806	0.0118681	0.0168482	
Lampyridae	yes	3524	0.198045	0.180169	0.216836	0.16963	0.228739	
Lycosoidea	yes	717	0.0401862	0.036037	0.044879	0.0338234	0.0478385	
Mus	yes	323	0.0180772	0.0161841	0.0202703	0.0151372	0.0216364	
Myotis	yes	550	0.0308588	0.0275456	0.0344159	0.0257549	0.0367304	
Rattus	yes	668	0.0374003	0.0335544	0.0417164	0.0315216	0.0446157	
Ursidae	yes	1975	0.110966	0.100034	0.122719	0.0940049	0.1303	
Xerinae	yes	230	0.0128923	0.0115103	0.0144028	0.0107613	0.0153761
